{
  "method": "CAMPS",
  "systems": {
    "H4chain_eqm": {
      "n_qubits": 8,
      "fci_energy": -2.1803166143238575,
      "cisd_energy": -2.1795507519996784,
      "camps_exact_energy_check": -2.1803166143238566,
      "camps_n_sites": 4,
      "selected_idx": [
        [
          [
            3,
            103,
            166
          ],
          [
            15,
            85,
            0
          ]
        ]
      ],
      "entropy_change": -6.835874493270209,
      "equivalent_symmetries": [
        "(1+0j) [Z2 Z4 Z6 Z7]",
        "(1-0j) [Z0 Y1 X2 Y3 Z4 Y5 X6]",
        "(1-0j) [Z0 Z1 Z5]",
        "(-1+0j) [Y1 X2 X5 Y6 Z7]",
        "(1-0j) [Y0 Y5 Z6]",
        "(-1+0j) [Y0 Z4 Y5 Z6]",
        "(1-0j) [X0 Y2 Z3 Y5 Y6 Z7]",
        "(-1+0j) [X0 Y1 Z3 X6 X7]"
      ],
      "entropies_after_camps": [
        0.04245343254562204,
        0.042453432545621526,
        0.18404853146624783,
        0.18607460512604868,
        0.7409491416392961,
        0.048033952783831164,
        0.04684588442935143
      ],
      "dmrg": {
        "system": "H4chain_eqm",
        "benchmark": "CAMPS",
        "n_qubits": 8,
        "dmrg_bd": "",
        "dmrg_energy": ""
      },
      "mpo": {
        "system": "H4chain_eqm",
        "benchmark": "CAMPS",
        "n_qubits": 8,
        "mpo_bd": ""
      },
      "fiedler": {
        "ordering": [
          7,
          0,
          3,
          2,
          6,
          5,
          4,
          1
        ],
        "info": {
          "ordering": [
            7,
            0,
            3,
            2,
            6,
            5,
            4,
            1
          ],
          "old_to_new": [
            1,
            7,
            3,
            2,
            6,
            5,
            4,
            0
          ],
          "reverse_ordering": [
            1,
            4,
            5,
            6,
            2,
            3,
            0,
            7
          ],
          "components": [
            {
              "nodes": [
                0,
                2,
                3,
                4,
                5,
                6,
                7
              ],
              "ordering": [
                7,
                0,
                3,
                2,
                6,
                5,
                4
              ],
              "reverse_ordering": [
                4,
                5,
                6,
                2,
                3,
                0,
                7
              ],
              "old_to_new_component": {
                "7": 0,
                "0": 1,
                "3": 2,
                "2": 3,
                "6": 4,
                "5": 5,
                "4": 6
              },
              "fiedler_vector": [
                -0.2936905109134281,
                -0.28854979622497134,
                -0.29066214844592625,
                0.5741185722835931,
                0.5741090240783946,
                0.01867862894305694,
                -0.2940037697213164
              ],
              "fiedler_coordinates": {
                "0": -0.2936905109134281,
                "2": -0.28854979622497134,
                "3": -0.29066214844592625,
                "4": 0.5741185722835931,
                "5": 0.5741090240783946,
                "6": 0.01867862894305694,
                "7": -0.2940037697213164
              },
              "laplacian_eigenvalues": [
                -1.1991423419036763e-16,
                0.0006583659745318034,
                0.001156395010070608,
                0.06846601947124184,
                0.0777171014524317,
                0.2517298956254612,
                2.458216866550577
              ],
              "fiedler_eigenvalue": 0.0006583659745318034,
              "degrees": {
                "0": 0.053135180211191416,
                "2": 0.1413031061556895,
                "3": 0.14577601541368207,
                "4": 1.229336769437668,
                "5": 1.2293790160834406,
                "6": 0.0009912420973974545,
                "7": 0.058023314685255636
              },
              "total_weight": 1.4289723220421622,
              "is_singleton": false,
              "is_nearly_degenerate": false
            },
            {
              "nodes": [
                1
              ],
              "ordering": [
                1
              ],
              "reverse_ordering": [
                1
              ],
              "old_to_new_component": {
                "1": 0
              },
              "fiedler_vector": [
                0.0
              ],
              "fiedler_coordinates": {
                "1": 0.0
              },
              "laplacian_eigenvalues": [
                0.0
              ],
              "fiedler_eigenvalue": 0.0,
              "degrees": {
                "1": 0.0
              },
              "total_weight": 0.0,
              "is_singleton": true,
              "is_nearly_degenerate": false
            }
          ],
          "nodes": [
            0,
            1,
            2,
            3,
            4,
            5,
            6,
            7
          ],
          "weight_matrix": [
            [
              0.0,
              0.0,
              0.014653028496184217,
              0.017740516234765386,
              0.0,
              0.0,
              0.0002264329152990019,
              0.02051520256494281
            ],
            [
              0.0,
              0.0,
              0.0,
              0.0,
              0.0,
              0.0,
              0.0,
              0.0
            ],
            [
              0.014653028496184217,
              0.0,
              0.0,
              0.1081269792907992,
              0.0003282887825569736,
              0.00032828878255675153,
              7.911746928007668e-05,
              0.01778740333431228
            ],
            [
              0.017740516234765386,
              0.0,
              0.1081269792907992,
              0.0,
              0.0,
              0.0,
              0.000266120674734166,
              0.019642399213383316
            ],
            [
              0.0,
              0.0,
              0.0003282887825569736,
              0.0,
              0.0,
              1.228858973245264,
              0.0001495074098472049,
              0.0
            ],
            [
              0.0,
              0.0,
              0.00032828878255675153,
              0.0,
              1.228858973245264,
              0.0,
              0.000191754055619775,
              0.0
            ],
            [
              0.0002264329152990019,
              0.0,
              7.911746928007668e-05,
              0.000266120674734166,
              0.0001495074098472049,
              0.000191754055619775,
              0.0,
              7.830957261723004e-05
            ],
            [
              0.02051520256494281,
              0.0,
              0.01778740333431228,
              0.019642399213383316,
              0.0,
              0.0,
              7.830957261723004e-05,
              0.0
            ]
          ],
          "weight_matrix_subspace": [
            [
              0.0,
              0.0,
              0.014653028496184217,
              0.017740516234765386,
              0.0,
              0.0,
              0.0002264329152990019,
              0.02051520256494281
            ],
            [
              0.0,
              0.0,
              0.0,
              0.0,
              0.0,
              0.0,
              0.0,
              0.0
            ],
            [
              0.014653028496184217,
              0.0,
              0.0,
              0.1081269792907992,
              0.0003282887825569736,
              0.00032828878255675153,
              7.911746928007668e-05,
              0.01778740333431228
            ],
            [
              0.017740516234765386,
              0.0,
              0.1081269792907992,
              0.0,
              0.0,
              0.0,
              0.000266120674734166,
              0.019642399213383316
            ],
            [
              0.0,
              0.0,
              0.0003282887825569736,
              0.0,
              0.0,
              1.228858973245264,
              0.0001495074098472049,
              0.0
            ],
            [
              0.0,
              0.0,
              0.00032828878255675153,
              0.0,
              1.228858973245264,
              0.0,
              0.000191754055619775,
              0.0
            ],
            [
              0.0002264329152990019,
              0.0,
              7.911746928007668e-05,
              0.000266120674734166,
              0.0001495074098472049,
              0.000191754055619775,
              0.0,
              7.830957261723004e-05
            ],
            [
              0.02051520256494281,
              0.0,
              0.01778740333431228,
              0.019642399213383316,
              0.0,
              0.0,
              7.830957261723004e-05,
              0.0
            ]
          ],
          "edge_tol": 1e-12,
          "tie_break": "index",
          "component_order": "index",
          "mutual_information": [
            [
              0.0,
              0.0,
              0.014653028496184217,
              0.017740516234765386,
              0.0,
              0.0,
              0.0002264329152990019,
              0.02051520256494281
            ],
            [
              0.0,
              0.0,
              1.1102230246251565e-16,
              5.273559366969494e-16,
              0.0,
              0.0,
              0.0,
              5.273559366969494e-16
            ],
            [
              0.014653028496184217,
              1.1102230246251565e-16,
              0.0,
              0.1081269792907992,
              0.0003282887825569736,
              0.00032828878255675153,
              7.911746928007668e-05,
              0.01778740333431228
            ],
            [
              0.017740516234765386,
              5.273559366969494e-16,
              0.1081269792907992,
              0.0,
              4.440892098500626e-16,
              2.220446049250313e-16,
              0.000266120674734166,
              0.019642399213383316
            ],
            [
              0.0,
              0.0,
              0.0003282887825569736,
              4.440892098500626e-16,
              0.0,
              1.228858973245264,
              0.0001495074098472049,
              0.0
            ],
            [
              0.0,
              0.0,
              0.00032828878255675153,
              2.220446049250313e-16,
              1.228858973245264,
              0.0,
              0.000191754055619775,
              4.440892098500626e-16
            ],
            [
              0.0002264329152990019,
              0.0,
              7.911746928007668e-05,
              0.000266120674734166,
              0.0001495074098472049,
              0.000191754055619775,
              0.0,
              7.830957261723004e-05
            ],
            [
              0.02051520256494281,
              5.273559366969494e-16,
              0.01778740333431228,
              0.019642399213383316,
              0.0,
              4.440892098500626e-16,
              7.830957261723004e-05,
              0.0
            ]
          ],
          "one_qubit_entropies": [
            0.04245343254562141,
            -0.0,
            0.1562481274168107,
            0.13551069353505055,
            0.6931471805599452,
            0.6931471805599452,
            0.0012663779270960691,
            0.046845884429351836
          ],
          "two_qubit_entropies": [
            [
              0.0,
              0.04245343254562157,
              0.1840485314662479,
              0.16022360984590658,
              0.735600613105567,
              0.7356006131055666,
              0.04349337755741847,
              0.06878411441003043
            ],
            [
              0.04245343254562157,
              0.0,
              0.1562481274168106,
              0.13551069353505002,
              0.6931471805599452,
              0.6931471805599454,
              0.0012663779270965178,
              0.04684588442935131
            ],
            [
              0.1840485314662479,
              0.1562481274168106,
              0.0,
              0.18363184166106203,
              0.8490670191941989,
              0.8490670191941991,
              0.15743538787462671,
              0.18530660851185027
            ],
            [
              0.16022360984590658,
              0.13551069353505002,
              0.18363184166106203,
              0.0,
              0.8286578740949953,
              0.8286578740949955,
              0.13651095078741246,
              0.16271417875101907
            ],
            [
              0.735600613105567,
              0.6931471805599452,
              0.8490670191941989,
              0.8286578740949953,
              0.0,
              0.1574353878746265,
              0.694264051077194,
              0.7399930649892974
            ],
            [
              0.7356006131055666,
              0.6931471805599454,
              0.8490670191941991,
              0.8286578740949955,
              0.1574353878746265,
              0.0,
              0.6942218044314215,
              0.7399930649892965
            ],
            [
              0.04349337755741847,
              0.0012663779270965178,
              0.15743538787462671,
              0.13651095078741246,
              0.694264051077194,
              0.6942218044314215,
              0.0,
              0.04803395278383067
            ],
            [
              0.06878411441003043,
              0.04684588442935131,
              0.18530660851185027,
              0.16271417875101907,
              0.7399930649892974,
              0.7399930649892965,
              0.04803395278383067,
              0.0
            ]
          ],
          "n_qubits": 8,
          "mutual_info_convention": "standard",
          "entropy_base": 2.718281828459045
        },
        "entropies": [
          0.04684588442935145,
          0.06878411441003116,
          0.15666765189516735,
          0.15723622477512858,
          0.15743538787462671,
          0.6931471805599453,
          -4.440892098500629e-16
        ]
      }
    }
  },
  "settings": {
    "n_dim": 4,
    "use_orb": false,
    "microiter": 1,
    "camps_dmax": 100,
    "candidate_gates": 200,
    "seed": 0,
    "reference_state": "fci",
    "fiedler_reference_state": "exact ground state of CAMPS-transformed Hamiltonian",
    "dmrg_protocol": "JUL08 quimb settings"
  }
}
