{
  "system": "H4chain_corr",
  "tag": "nc_exp_cisd",
  "matrix_file": "H4chain_corr_nc_exp_cisd_orbitals.npy",
  "orbital_rotation_matrix": [
    [
      0.2759231090567541,
      -0.5040970628917427,
      -0.0006203885434969969,
      -0.4174957272867266,
      -0.1948823747968645,
      0.37777887088783735,
      0.01983666988871363,
      0.5606781725015936
    ],
    [
      -0.39824405796184376,
      -0.08558111769019439,
      -0.5564423989771732,
      -0.17232970992131036,
      -0.562976498807809,
      -0.11423178645276183,
      -0.3893242020669844,
      -0.11483508492949504
    ],
    [
      -0.3698849649932449,
      -0.189895469147626,
      0.5734428580679433,
      0.01776685103791628,
      -0.5142148832997967,
      -0.25579370396174084,
      0.41000831723146003,
      0.0042738286992172955
    ],
    [
      0.08013930153751925,
      -0.4137033653691474,
      -0.16255372131600848,
      0.5404195677871211,
      0.11495082927611985,
      -0.555310974043821,
      -0.1219222218119924,
      0.4092691010253292
    ],
    [
      0.1892209895673601,
      -0.3811114109170133,
      0.012934968383439244,
      -0.5623884603166949,
      0.26034985189908766,
      -0.5033697229939498,
      0.017386186583488783,
      -0.4254832699140243
    ],
    [
      0.567180169342701,
      -0.02111385548594094,
      0.35950957652027704,
      0.20575772448298074,
      -0.4091796388327878,
      0.01474246967925541,
      -0.5109079592651367,
      -0.2785771414324223
    ],
    [
      0.5125959897406834,
      0.24978200104208104,
      -0.41109647015239287,
      0.030339645794118842,
      -0.36264179369861665,
      -0.18521183352929754,
      0.5816967826880985,
      -0.027383582172425775
    ],
    [
      0.04217033460699812,
      0.5685670666588387,
      0.19156276038714581,
      -0.37959623673586723,
      -0.026992400211671614,
      -0.42723727023285696,
      -0.25565788571451975,
      0.4955222802313668
    ]
  ],
  "symmetries": [
    [
      {
        "term": [
          [
            0,
            "Z"
          ],
          [
            3,
            "Z"
          ],
          [
            4,
            "Z"
          ],
          [
            7,
            "Z"
          ]
        ],
        "coefficient": 1.0
      }
    ],
    [
      {
        "term": [
          [
            0,
            "Z"
          ],
          [
            2,
            "Z"
          ],
          [
            4,
            "Z"
          ],
          [
            6,
            "Z"
          ]
        ],
        "coefficient": 1.0
      }
    ],
    [
      {
        "term": [
          [
            0,
            "Z"
          ],
          [
            1,
            "Z"
          ],
          [
            4,
            "Z"
          ],
          [
            5,
            "Z"
          ]
        ],
        "coefficient": 1.0
      }
    ],
    [
      {
        "term": [
          [
            0,
            "Z"
          ],
          [
            3,
            "Z"
          ],
          [
            5,
            "Z"
          ],
          [
            6,
            "Z"
          ]
        ],
        "coefficient": 1.0
      }
    ],
    [
      {
        "term": [
          [
            0,
            "Z"
          ],
          [
            1,
            "Z"
          ],
          [
            4,
            "Z"
          ],
          [
            7,
            "Z"
          ]
        ],
        "coefficient": 1.0
      }
    ],
    [
      {
        "term": [
          [
            1,
            "Z"
          ]
        ],
        "coefficient": 1.0
      }
    ],
    [
      {
        "term": [
          [
            0,
            "Z"
          ]
        ],
        "coefficient": 1.0
      }
    ],
    [
      {
        "term": [
          [
            7,
            "Z"
          ]
        ],
        "coefficient": 1.0
      }
    ]
  ],
  "parameterization": "expm",
  "objective_backend": "givens",
  "initial_cost": 1.445207841401154,
  "final_cost": 0.2494978750469055,
  "initial_fci_cost": 1.779038045667051,
  "final_fci_cost": 0.6261485832291456
}
