{
  "system": "H4chain_corr",
  "tag": "nc_exp_cisd",
  "matrix_file": "H4chain_corr_nc_exp_cisd_orbitals.npy",
  "orbital_rotation_matrix": [
    [
      0.37017310563847294,
      0.2929624629688271,
      0.6799761132406907,
      0.034963346412656034,
      0.41536464757815106,
      0.29788238469329226,
      0.20465615026993522,
      0.10202485761481984
    ],
    [
      -0.7904962069911985,
      -0.20416087203091327,
      0.42736522657312376,
      0.3178432473066691,
      0.17008682879920448,
      0.03592925070434078,
      -0.10198664943544736,
      -0.09563995645934592
    ],
    [
      0.4632525001332128,
      -0.28989564455850714,
      0.14294864850521025,
      0.6121074044853718,
      -0.06210823086628853,
      -0.2204338302806905,
      -0.40873284397586807,
      -0.294511123784643
    ],
    [
      0.10691858086246457,
      -0.5829017566935417,
      0.33217525914476864,
      -0.08631722737698935,
      -0.5585012229551953,
      0.17035501019062987,
      0.26516411844182985,
      0.3460439817876677
    ],
    [
      -0.040664336697221505,
      0.2861478868049711,
      0.32843088957844924,
      -0.4120926599785031,
      -0.4434893997775675,
      0.17796832093983656,
      -0.5719548999903142,
      -0.28860112675530747
    ],
    [
      0.07781389393177802,
      -0.48608187971889505,
      -0.20021500343045207,
      -0.2552967764410536,
      0.455248501569091,
      0.4943480961357212,
      -0.4343874915455782,
      0.10992352484839668
    ],
    [
      -0.01191500000465821,
      0.08942348908243018,
      0.14859418303719402,
      -0.0837709455194526,
      0.10250745584533213,
      -0.5101643968132611,
      -0.41169217056692436,
      0.7228400488653578
    ],
    [
      0.0648274570550059,
      -0.35003517483065366,
      0.23277371325041638,
      -0.5230800324986002,
      0.2613805796681673,
      -0.5440981488821676,
      0.15819194764491556,
      -0.39508120667727475
    ]
  ],
  "symmetries": [
    [
      {
        "term": [
          [
            0,
            "Z"
          ],
          [
            3,
            "Z"
          ],
          [
            4,
            "Z"
          ],
          [
            7,
            "Z"
          ]
        ],
        "coefficient": 1.0
      }
    ],
    [
      {
        "term": [
          [
            0,
            "Z"
          ],
          [
            2,
            "Z"
          ],
          [
            4,
            "Z"
          ],
          [
            6,
            "Z"
          ]
        ],
        "coefficient": 1.0
      }
    ],
    [
      {
        "term": [
          [
            0,
            "Z"
          ],
          [
            1,
            "Z"
          ],
          [
            4,
            "Z"
          ],
          [
            5,
            "Z"
          ]
        ],
        "coefficient": 1.0
      }
    ],
    [
      {
        "term": [
          [
            0,
            "Z"
          ],
          [
            3,
            "Z"
          ],
          [
            5,
            "Z"
          ],
          [
            6,
            "Z"
          ]
        ],
        "coefficient": 1.0
      }
    ],
    [
      {
        "term": [
          [
            0,
            "Z"
          ],
          [
            1,
            "Z"
          ],
          [
            4,
            "Z"
          ],
          [
            7,
            "Z"
          ]
        ],
        "coefficient": 1.0
      }
    ],
    [
      {
        "term": [
          [
            1,
            "Z"
          ]
        ],
        "coefficient": 1.0
      }
    ],
    [
      {
        "term": [
          [
            0,
            "Z"
          ]
        ],
        "coefficient": 1.0
      }
    ],
    [
      {
        "term": [
          [
            7,
            "Z"
          ]
        ],
        "coefficient": 1.0
      }
    ]
  ],
  "parameterization": "givens_product",
  "objective_backend": "givens_product",
  "initial_cost": 1.4452078414011535,
  "final_cost": 0.8036554824758151,
  "initial_fci_cost": 1.7790380456670511,
  "final_fci_cost": 1.1206624151508648
}
