{
  "input_datasets": "/Users/praveenjayakumar/Jay Family Dropbox/praveen jayakumar/6.To-Fro Praveen/UToronto/codes backup/seniority/QuasiSymmetries/saved/results/JUL09/state_agnostic_bs_benchmark_datasets",
  "fiedler_reference": "cisd",
  "synthesis_basis": "Z",
  "generator_mapping": "positive_z",
  "systems": {
    "H4chain_eqm": {
      "n_qubits": 8,
      "fci_energy": -2.1803166143238575,
      "cisd_energy": -2.1795507519996784,
      "objectives": {
        "commuting_weight": {
          "system": "H4chain_eqm",
          "objective": "commuting_weight",
          "dataset_tag": "BS N commuting_weight",
          "n_qubits": 8,
          "fiedler_reference": "cisd",
          "dmrg_bd_before_fiedler": 3,
          "dmrg_bd_after_fiedler": "",
          "dmrg_energy_after_fiedler": "",
          "transform_seconds": 0.05753012499999999,
          "fiedler_seconds": 0.15176629099999994,
          "dmrg_seconds": 0.0,
          "original_symmetries": [
            "(1+0j) [Z0 Z3 Z4 Z7]",
            "(1+0j) [Z1 Z3 Z5 Z7]",
            "(1+0j) [Z2 Z3 Z6 Z7]",
            "(1+0j) [Z1]",
            "(1+0j) [Z0]",
            "(1+0j) [Z0 Z5]",
            "(1+0j) [Z4 Z6]",
            "(1+0j) [Z0 Z3 Z5 Z6]"
          ],
          "symmetries_after_clifford": [
            "1.0 [Z0]",
            "1.0 [Z1]",
            "1.0 [Z2]",
            "1.0 [Z3]",
            "1.0 [Z4]",
            "1.0 [Z5]",
            "1.0 [Z6]",
            "1.0 [Z7]"
          ],
          "original_symmetries_in_fiedler_order": [
            "(1+0j) [Z0 Z3 Z4 Z7]",
            "(1+0j) [Z1 Z3 Z5 Z7]",
            "(1+0j) [Z2 Z3 Z6 Z7]",
            "(1+0j) [Z1]",
            "(1+0j) [Z0]",
            "(1+0j) [Z4 Z6]",
            "(1+0j) [Z0 Z5]",
            "(1+0j) [Z0 Z3 Z5 Z6]"
          ],
          "transformed_symmetries_after_fiedler": [
            "1.0 [Z0]",
            "1.0 [Z1]",
            "1.0 [Z2]",
            "1.0 [Z3]",
            "1.0 [Z4]",
            "1.0 [Z6]",
            "1.0 [Z5]",
            "1.0 [Z7]"
          ],
          "fiedler_ordering": [
            0,
            1,
            2,
            3,
            4,
            6,
            5,
            7
          ],
          "fiedler_info": {
            "ordering": [
              0,
              1,
              2,
              3,
              4,
              6,
              5,
              7
            ],
            "old_to_new": [
              0,
              1,
              2,
              3,
              4,
              6,
              5,
              7
            ],
            "reverse_ordering": [
              7,
              5,
              6,
              4,
              3,
              2,
              1,
              0
            ],
            "components": [
              {
                "nodes": [
                  0
                ],
                "ordering": [
                  0
                ],
                "reverse_ordering": [
                  0
                ],
                "old_to_new_component": {
                  "0": 0
                },
                "fiedler_vector": [
                  0.0
                ],
                "fiedler_coordinates": {
                  "0": 0.0
                },
                "laplacian_eigenvalues": [
                  0.0
                ],
                "fiedler_eigenvalue": 0.0,
                "degrees": {
                  "0": 0.0
                },
                "total_weight": 0.0,
                "is_singleton": true,
                "is_nearly_degenerate": false
              },
              {
                "nodes": [
                  1
                ],
                "ordering": [
                  1
                ],
                "reverse_ordering": [
                  1
                ],
                "old_to_new_component": {
                  "1": 0
                },
                "fiedler_vector": [
                  0.0
                ],
                "fiedler_coordinates": {
                  "1": 0.0
                },
                "laplacian_eigenvalues": [
                  0.0
                ],
                "fiedler_eigenvalue": 0.0,
                "degrees": {
                  "1": 0.0
                },
                "total_weight": 0.0,
                "is_singleton": true,
                "is_nearly_degenerate": false
              },
              {
                "nodes": [
                  2
                ],
                "ordering": [
                  2
                ],
                "reverse_ordering": [
                  2
                ],
                "old_to_new_component": {
                  "2": 0
                },
                "fiedler_vector": [
                  0.0
                ],
                "fiedler_coordinates": {
                  "2": 0.0
                },
                "laplacian_eigenvalues": [
                  0.0
                ],
                "fiedler_eigenvalue": 0.0,
                "degrees": {
                  "2": 0.0
                },
                "total_weight": 0.0,
                "is_singleton": true,
                "is_nearly_degenerate": false
              },
              {
                "nodes": [
                  3,
                  4,
                  5,
                  6,
                  7
                ],
                "ordering": [
                  3,
                  4,
                  6,
                  5,
                  7
                ],
                "reverse_ordering": [
                  7,
                  5,
                  6,
                  4,
                  3
                ],
                "old_to_new_component": {
                  "3": 0,
                  "4": 1,
                  "6": 2,
                  "5": 3,
                  "7": 4
                },
                "fiedler_vector": [
                  -0.22415871118502992,
                  -0.2240196275168379,
                  -0.223011157152544,
                  -0.223237262966915,
                  0.8944267588213175
                ],
                "fiedler_coordinates": {
                  "3": -0.22415871118502992,
                  "4": -0.2240196275168379,
                  "5": -0.223011157152544,
                  "6": -0.223237262966915,
                  "7": 0.8944267588213175
                },
                "laplacian_eigenvalues": [
                  1.1391822481841941e-17,
                  0.0016024226851613238,
                  0.12822170975294864,
                  0.15676775240161403,
                  0.5501751822171044
                ],
                "fiedler_eigenvalue": 0.0016024226851613238,
                "degrees": {
                  "3": 0.10342423415637983,
                  "4": 0.10374784658606673,
                  "5": 0.30057628254727153,
                  "6": 0.32773664193240315,
                  "7": 0.0012820618347080953
                },
                "total_weight": 0.4183835335284146,
                "is_singleton": false,
                "is_nearly_degenerate": false
              }
            ],
            "nodes": [
              0,
              1,
              2,
              3,
              4,
              5,
              6,
              7
            ],
            "weight_matrix": [
              [
                0.0,
                0.0,
                0.0,
                0.0,
                0.0,
                0.0,
                0.0,
                0.0
              ],
              [
                0.0,
                0.0,
                0.0,
                0.0,
                0.0,
                0.0,
                0.0,
                0.0
              ],
              [
                0.0,
                0.0,
                0.0,
                0.0,
                0.0,
                0.0,
                0.0,
                0.0
              ],
              [
                0.0,
                0.0,
                0.0,
                0.0,
                0.024637359825741723,
                0.03253516094212297,
                0.04600493445486417,
                0.0002467789336509582
              ],
              [
                0.0,
                0.0,
                0.0,
                0.024637359825741723,
                0.0,
                0.03253516094212344,
                0.04631303665769379,
                0.0002622891605077657
              ],
              [
                0.0,
                0.0,
                0.0,
                0.03253516094212297,
                0.03253516094212344,
                0.0,
                0.23507581887116047,
                0.0004301417918646244
              ],
              [
                0.0,
                0.0,
                0.0,
                0.04600493445486417,
                0.04631303665769379,
                0.23507581887116047,
                0.0,
                0.000342851948684747
              ],
              [
                0.0,
                0.0,
                0.0,
                0.0002467789336509582,
                0.0002622891605077657,
                0.0004301417918646244,
                0.000342851948684747,
                0.0
              ]
            ],
            "weight_matrix_subspace": [
              [
                0.0,
                0.0,
                0.0,
                0.0,
                0.0,
                0.0,
                0.0,
                0.0
              ],
              [
                0.0,
                0.0,
                0.0,
                0.0,
                0.0,
                0.0,
                0.0,
                0.0
              ],
              [
                0.0,
                0.0,
                0.0,
                0.0,
                0.0,
                0.0,
                0.0,
                0.0
              ],
              [
                0.0,
                0.0,
                0.0,
                0.0,
                0.024637359825741723,
                0.03253516094212297,
                0.04600493445486417,
                0.0002467789336509582
              ],
              [
                0.0,
                0.0,
                0.0,
                0.024637359825741723,
                0.0,
                0.03253516094212344,
                0.04631303665769379,
                0.0002622891605077657
              ],
              [
                0.0,
                0.0,
                0.0,
                0.03253516094212297,
                0.03253516094212344,
                0.0,
                0.23507581887116047,
                0.0004301417918646244
              ],
              [
                0.0,
                0.0,
                0.0,
                0.04600493445486417,
                0.04631303665769379,
                0.23507581887116047,
                0.0,
                0.000342851948684747
              ],
              [
                0.0,
                0.0,
                0.0,
                0.0002467789336509582,
                0.0002622891605077657,
                0.0004301417918646244,
                0.000342851948684747,
                0.0
              ]
            ],
            "edge_tol": 1e-12,
            "tie_break": "index",
            "component_order": "index",
            "mutual_information": [
              [
                0.0,
                0.0,
                0.0,
                0.0,
                0.0,
                0.0,
                0.0,
                0.0
              ],
              [
                0.0,
                0.0,
                0.0,
                0.0,
                0.0,
                0.0,
                0.0,
                0.0
              ],
              [
                0.0,
                0.0,
                0.0,
                0.0,
                0.0,
                0.0,
                0.0,
                0.0
              ],
              [
                0.0,
                0.0,
                0.0,
                0.0,
                0.024637359825741723,
                0.03253516094212297,
                0.04600493445486417,
                0.0002467789336509582
              ],
              [
                0.0,
                0.0,
                0.0,
                0.024637359825741723,
                0.0,
                0.03253516094212344,
                0.04631303665769379,
                0.0002622891605077657
              ],
              [
                0.0,
                0.0,
                0.0,
                0.03253516094212297,
                0.03253516094212344,
                0.0,
                0.23507581887116047,
                0.0004301417918646244
              ],
              [
                0.0,
                0.0,
                0.0,
                0.04600493445486417,
                0.04631303665769379,
                0.23507581887116047,
                0.0,
                0.000342851948684747
              ],
              [
                0.0,
                0.0,
                0.0,
                0.0002467789336509582,
                0.0002622891605077657,
                0.0004301417918646244,
                0.000342851948684747,
                0.0
              ]
            ],
            "one_qubit_entropies": [
              -2.220446049250313e-16,
              -2.220446049250313e-16,
              -2.220446049250313e-16,
              0.060561908464102004,
              0.060561908464102004,
              0.15905406657184665,
              0.17258513036706707,
              0.001054361616236972
            ],
            "two_qubit_entropies": [
              [
                0.0,
                -2.220446049250313e-16,
                -2.220446049250313e-16,
                0.060561908464102004,
                0.060561908464102004,
                0.15905406657184665,
                0.17258513036706707,
                0.001054361616236972
              ],
              [
                -2.220446049250313e-16,
                0.0,
                -2.220446049250313e-16,
                0.060561908464102004,
                0.060561908464102004,
                0.15905406657184665,
                0.17258513036706707,
                0.001054361616236972
              ],
              [
                -2.220446049250313e-16,
                -2.220446049250313e-16,
                0.0,
                0.060561908464102004,
                0.060561908464102004,
                0.15905406657184665,
                0.17258513036706707,
                0.001054361616236972
              ],
              [
                0.060561908464102004,
                0.060561908464102004,
                0.060561908464102004,
                0.0,
                0.09648645710246229,
                0.18708081409382568,
                0.1871421043763049,
                0.06136949114668802
              ],
              [
                0.060561908464102004,
                0.060561908464102004,
                0.060561908464102004,
                0.09648645710246229,
                0.0,
                0.1870808140938252,
                0.1868340021734753,
                0.061353980919831214
              ],
              [
                0.15905406657184665,
                0.15905406657184665,
                0.15905406657184665,
                0.18708081409382568,
                0.1870808140938252,
                0.0,
                0.09656337806775328,
                0.159678286396219
              ],
              [
                0.17258513036706707,
                0.17258513036706707,
                0.17258513036706707,
                0.1871421043763049,
                0.1868340021734753,
                0.09656337806775328,
                0.0,
                0.1732966400346193
              ],
              [
                0.001054361616236972,
                0.001054361616236972,
                0.001054361616236972,
                0.06136949114668802,
                0.061353980919831214,
                0.159678286396219,
                0.1732966400346193,
                0.0
              ]
            ],
            "n_qubits": 8,
            "mutual_info_convention": "standard",
            "entropy_base": 2.718281828459045
          },
          "fci_entanglement_after_clifford": [
            0.0,
            0.0,
            0.0,
            0.06325940058797072,
            0.09806993627884249,
            0.17602134706452682,
            0.0011422443798291078
          ],
          "cisd_entanglement_after_clifford": [
            0.0,
            0.0,
            0.0,
            0.06056190846410282,
            0.09648645710246173,
            0.1732966400346192,
            0.001054361616237432
          ],
          "fci_entanglement_after_fiedler": [
            0.0,
            0.0,
            0.0,
            0.06325940058797073,
            0.09806993627884207,
            0.16221670383986342,
            0.001142244379828664
          ],
          "cisd_entanglement_after_fiedler": [
            0.0,
            0.0,
            0.0,
            0.06056190846410283,
            0.09648645710246241,
            0.15963764909606454,
            0.001054361616237432
          ],
          "non_commuting_l1": 13.437821661663278,
          "num_commuting_terms": 36
        }
      }
    }
  }
}
