{
  "synthesis_basis": "Z",
  "generator_mapping": "positive_z",
  "log_base": "e",
  "systems": {
    "H4chain_eqm": {
      "n_qubits": 8,
      "fci_energy": -2.1803166143238575,
      "cisd_energy": -2.1795507519996784,
      "fci_entanglement_before_clifford": [
        0.06368160380046413,
        0.11012412253374489,
        0.24166698391791008,
        0.22636304780190872,
        0.2372188994535616,
        0.0981315882864739,
        0.05379632241096038
      ],
      "cisd_entanglement_before_clifford": [
        0.06097200900645333,
        0.10587468866553629,
        0.2348642046861087,
        0.22020796624589756,
        0.23047282325659704,
        0.09400991795388337,
        0.051227920460697435
      ],
      "bliss_hct": {
        "tag": "Pauli BLISS+HCT N Comm",
        "epsilons": [
          0.0,
          0.0,
          0.0,
          0.025706403138319442,
          0.034651389158540186,
          0.037377822569730046,
          0.04011593093922328,
          0.041035391322083475
        ],
        "info": {
          "success": true,
          "message": "Optimization terminated successfully. (HiGHS Status 7: Optimal)",
          "initial_pauli_l1": 7.715793450291508,
          "final_pauli_l1": 5.2830753533053745,
          "pauli_l1_reduction": 2.4327180969861333,
          "relative_pauli_l1_reduction": 0.3152907231976543,
          "n_killers": 38,
          "n_pauli_terms_initial": 185,
          "n_pauli_terms_final": 167
        }
      },
      "benchmarks": {
        "BS N Comm": {
          "saved_symmetries": [
            "1.0 [Z0 Z3 Z4 Z7]",
            "1.0 [Z1 Z3 Z5 Z7]",
            "1.0 [Z2 Z3 Z6 Z7]",
            "1.0 [Z0 Z3 Z5 Z6]",
            "1.0 [Z7]",
            "1.0 [Z6]",
            "1.0 [Z0 Z5 Z6 Z7]",
            "1.0 [Z0 Z7]"
          ],
          "symmetries_after_clifford": [
            "1.0 [Z0]",
            "1.0 [Z1]",
            "1.0 [Z2]",
            "1.0 [Z3]",
            "1.0 [Z4]",
            "1.0 [Z5]",
            "1.0 [Z6]",
            "1.0 [Z7]"
          ],
          "fci_entanglement_after_clifford": [
            0.0,
            0.0,
            0.0,
            0.0012571064088097378,
            0.03260241584433883,
            0.045519664223760865,
            0.032612671265826176
          ],
          "cisd_entanglement_after_clifford": [
            0.0,
            0.0,
            0.0,
            0.0011548432620988964,
            0.030973748128753528,
            0.045487575619645726,
            0.03191598809030032
          ],
          "fiedler_ordering": [
            0,
            1,
            2,
            5,
            7,
            4,
            6,
            3
          ],
          "symmetries_after_fiedler": [
            "1.0 [Z0]",
            "1.0 [Z1]",
            "1.0 [Z2]",
            "1.0 [Z7]",
            "1.0 [Z5]",
            "1.0 [Z3]",
            "1.0 [Z6]",
            "1.0 [Z4]"
          ],
          "fci_entanglement_after_fiedler": [
            0.0,
            0.0,
            0.0,
            0.031636403950792466,
            0.04650380885649747,
            0.03370169882729671,
            0.0012571064088097374
          ],
          "cisd_entanglement_after_fiedler": [
            0.0,
            0.0,
            0.0,
            0.030207422492485363,
            0.04413269391934923,
            0.033508573630253516,
            0.0011548432620982318
          ],
          "fiedler_info": {
            "ordering": [
              0,
              1,
              2,
              5,
              7,
              4,
              6,
              3
            ],
            "old_to_new": [
              0,
              1,
              2,
              7,
              5,
              3,
              6,
              4
            ],
            "reverse_ordering": [
              3,
              6,
              4,
              7,
              5,
              2,
              1,
              0
            ],
            "components": [
              {
                "nodes": [
                  0
                ],
                "ordering": [
                  0
                ],
                "reverse_ordering": [
                  0
                ],
                "old_to_new_component": {
                  "0": 0
                },
                "fiedler_vector": [
                  0.0
                ],
                "fiedler_coordinates": {
                  "0": 0.0
                },
                "laplacian_eigenvalues": [
                  0.0
                ],
                "fiedler_eigenvalue": 0.0,
                "degrees": {
                  "0": 0.0
                },
                "total_weight": 0.0,
                "is_singleton": true,
                "is_nearly_degenerate": false
              },
              {
                "nodes": [
                  1
                ],
                "ordering": [
                  1
                ],
                "reverse_ordering": [
                  1
                ],
                "old_to_new_component": {
                  "1": 0
                },
                "fiedler_vector": [
                  0.0
                ],
                "fiedler_coordinates": {
                  "1": 0.0
                },
                "laplacian_eigenvalues": [
                  0.0
                ],
                "fiedler_eigenvalue": 0.0,
                "degrees": {
                  "1": 0.0
                },
                "total_weight": 0.0,
                "is_singleton": true,
                "is_nearly_degenerate": false
              },
              {
                "nodes": [
                  2
                ],
                "ordering": [
                  2
                ],
                "reverse_ordering": [
                  2
                ],
                "old_to_new_component": {
                  "2": 0
                },
                "fiedler_vector": [
                  0.0
                ],
                "fiedler_coordinates": {
                  "2": 0.0
                },
                "laplacian_eigenvalues": [
                  0.0
                ],
                "fiedler_eigenvalue": 0.0,
                "degrees": {
                  "2": 0.0
                },
                "total_weight": 0.0,
                "is_singleton": true,
                "is_nearly_degenerate": false
              },
              {
                "nodes": [
                  3,
                  4,
                  5,
                  6,
                  7
                ],
                "ordering": [
                  5,
                  7,
                  4,
                  6,
                  3
                ],
                "reverse_ordering": [
                  3,
                  6,
                  4,
                  7,
                  5
                ],
                "old_to_new_component": {
                  "5": 0,
                  "7": 1,
                  "4": 2,
                  "6": 3,
                  "3": 4
                },
                "fiedler_vector": [
                  0.894384915889596,
                  -0.2255140052363479,
                  -0.22755821553427868,
                  -0.2152773709988077,
                  -0.2260353241201846
                ],
                "fiedler_coordinates": {
                  "3": 0.894384915889596,
                  "4": -0.2255140052363479,
                  "5": -0.22755821553427868,
                  "6": -0.2152773709988077,
                  "7": -0.2260353241201846
                },
                "laplacian_eigenvalues": [
                  9.71445146547012e-17,
                  0.0021084259885330026,
                  0.06772213604829944,
                  0.07361027126158853,
                  0.0779500776753105
                ],
                "fiedler_eigenvalue": 0.0021084259885330026,
                "degrees": {
                  "3": 0.0016924490698496802,
                  "4": 0.052568527312483695,
                  "5": 0.05244627919181989,
                  "6": 0.05879074414170525,
                  "7": 0.05589291125787292
                },
                "total_weight": 0.11069545548686571,
                "is_singleton": false,
                "is_nearly_degenerate": false
              }
            ],
            "nodes": [
              0,
              1,
              2,
              3,
              4,
              5,
              6,
              7
            ],
            "weight_matrix": [
              [
                0.0,
                0.0,
                0.0,
                0.0,
                0.0,
                0.0,
                0.0,
                0.0
              ],
              [
                0.0,
                0.0,
                0.0,
                0.0,
                0.0,
                0.0,
                0.0,
                0.0
              ],
              [
                0.0,
                0.0,
                0.0,
                0.0,
                0.0,
                0.0,
                0.0,
                0.0
              ],
              [
                0.0,
                0.0,
                0.0,
                0.0,
                0.0002863733457114867,
                0.00016671526876255865,
                0.0009866551685548466,
                0.00025270528682078824
              ],
              [
                0.0,
                0.0,
                0.0,
                0.0002863733457114867,
                0.0,
                0.015214894073276697,
                0.01907395318634362,
                0.017993306707151893
              ],
              [
                0.0,
                0.0,
                0.0,
                0.00016671526876255865,
                0.015214894073276697,
                0.0,
                0.01907395318634359,
                0.017990716663437045
              ],
              [
                0.0,
                0.0,
                0.0,
                0.0009866551685548466,
                0.01907395318634362,
                0.01907395318634359,
                0.0,
                0.019656182600463194
              ],
              [
                0.0,
                0.0,
                0.0,
                0.00025270528682078824,
                0.017993306707151893,
                0.017990716663437045,
                0.019656182600463194,
                0.0
              ]
            ],
            "weight_matrix_subspace": [
              [
                0.0,
                0.0,
                0.0,
                0.0,
                0.0,
                0.0,
                0.0,
                0.0
              ],
              [
                0.0,
                0.0,
                0.0,
                0.0,
                0.0,
                0.0,
                0.0,
                0.0
              ],
              [
                0.0,
                0.0,
                0.0,
                0.0,
                0.0,
                0.0,
                0.0,
                0.0
              ],
              [
                0.0,
                0.0,
                0.0,
                0.0,
                0.0002863733457114867,
                0.00016671526876255865,
                0.0009866551685548466,
                0.00025270528682078824
              ],
              [
                0.0,
                0.0,
                0.0,
                0.0002863733457114867,
                0.0,
                0.015214894073276697,
                0.01907395318634362,
                0.017993306707151893
              ],
              [
                0.0,
                0.0,
                0.0,
                0.00016671526876255865,
                0.015214894073276697,
                0.0,
                0.01907395318634359,
                0.017990716663437045
              ],
              [
                0.0,
                0.0,
                0.0,
                0.0009866551685548466,
                0.01907395318634362,
                0.01907395318634359,
                0.0,
                0.019656182600463194
              ],
              [
                0.0,
                0.0,
                0.0,
                0.00025270528682078824,
                0.017993306707151893,
                0.017990716663437045,
                0.019656182600463194,
                0.0
              ]
            ],
            "edge_tol": 1e-12,
            "tie_break": "index",
            "component_order": "index",
            "mutual_information": [
              [
                0.0,
                0.0,
                0.0,
                0.0,
                0.0,
                0.0,
                0.0,
                0.0
              ],
              [
                0.0,
                0.0,
                0.0,
                0.0,
                0.0,
                0.0,
                0.0,
                0.0
              ],
              [
                0.0,
                0.0,
                0.0,
                0.0,
                0.0,
                0.0,
                0.0,
                0.0
              ],
              [
                0.0,
                0.0,
                0.0,
                0.0,
                0.0002863733457114867,
                0.00016671526876255865,
                0.0009866551685548466,
                0.00025270528682078824
              ],
              [
                0.0,
                0.0,
                0.0,
                0.0002863733457114867,
                0.0,
                0.015214894073276697,
                0.01907395318634362,
                0.017993306707151893
              ],
              [
                0.0,
                0.0,
                0.0,
                0.00016671526876255865,
                0.015214894073276697,
                0.0,
                0.01907395318634359,
                0.017990716663437045
              ],
              [
                0.0,
                0.0,
                0.0,
                0.0009866551685548466,
                0.01907395318634362,
                0.01907395318634359,
                0.0,
                0.019656182600463194
              ],
              [
                0.0,
                0.0,
                0.0,
                0.00025270528682078824,
                0.017993306707151893,
                0.017990716663437045,
                0.019656182600463194,
                0.0
              ]
            ],
            "one_qubit_entropies": [
              -0.0,
              -0.0,
              -0.0,
              0.0011548432620981282,
              0.030207422492485116,
              0.030207422492485123,
              0.03334038553671069,
              0.03191598809030084
            ],
            "two_qubit_entropies": [
              [
                0.0,
                -0.0,
                -0.0,
                0.001154843262098239,
                0.030207422492485116,
                0.030207422492485123,
                0.03334038553671072,
                0.03191598809030084
              ],
              [
                -0.0,
                0.0,
                -0.0,
                0.001154843262098239,
                0.030207422492485116,
                0.030207422492485123,
                0.03334038553671072,
                0.03191598809030084
              ],
              [
                -0.0,
                -0.0,
                0.0,
                0.001154843262098239,
                0.030207422492485116,
                0.030207422492485123,
                0.03334038553671072,
                0.03191598809030084
              ],
              [
                0.001154843262098239,
                0.001154843262098239,
                0.001154843262098239,
                0.0,
                0.031075892408871757,
                0.03119555048582069,
                0.033508573630253974,
                0.032818126065578185
              ],
              [
                0.030207422492485116,
                0.030207422492485116,
                0.030207422492485116,
                0.031075892408871757,
                0.0,
                0.04519995091169354,
                0.04447385484285219,
                0.04413010387563407
              ],
              [
                0.030207422492485123,
                0.030207422492485123,
                0.030207422492485123,
                0.03119555048582069,
                0.04519995091169354,
                0.0,
                0.04447385484285222,
                0.04413269391934892
              ],
              [
                0.03334038553671072,
                0.03334038553671072,
                0.03334038553671072,
                0.033508573630253974,
                0.04447385484285219,
                0.04447385484285222,
                0.0,
                0.04560019102654834
              ],
              [
                0.03191598809030084,
                0.03191598809030084,
                0.03191598809030084,
                0.032818126065578185,
                0.04413010387563407,
                0.04413269391934892,
                0.04560019102654834,
                0.0
              ]
            ],
            "n_qubits": 8,
            "mutual_info_convention": "standard",
            "entropy_base": 2.718281828459045
          }
        },
        "BS N/2 Comm": {
          "saved_symmetries": [
            "1.0 [Z0 Z3 Z4 Z7]",
            "1.0 [Z1 Z3 Z5 Z7]",
            "1.0 [Z2 Z3 Z6 Z7]",
            "1.0 [Z0 Z3 Z5 Z6]"
          ],
          "symmetries_after_clifford": [
            "1.0 [Z0]",
            "1.0 [Z1]",
            "1.0 [Z2]",
            "1.0 [Z3]"
          ],
          "fci_entanglement_after_clifford": [
            0.0,
            0.0,
            0.0,
            0.0009281818317882834,
            0.149532013764742,
            0.07510299872047643,
            0.04898761392934625
          ],
          "cisd_entanglement_after_clifford": [
            0.0,
            0.0,
            0.0,
            0.0007994336968425779,
            0.14647632839743396,
            0.07373853247225849,
            0.04672312610062474
          ]
        },
        "HCT N Comm": {
          "saved_symmetries": [
            "1.0 [Z0 Z3 Z4 Z7]",
            "1.0 [Z0 Z2 Z4 Z6]",
            "1.0 [Z0 Z1 Z4 Z5]",
            "1.0 [Z0 Z3 Z5 Z6]",
            "1.0 [Z0 Z1 Z4 Z7]",
            "1.0 [Z4 Z7]",
            "1.0 [Z0]",
            "1.0 [Z7]"
          ],
          "symmetries_after_clifford": [
            "1.0 [Z0]",
            "1.0 [Z1]",
            "1.0 [Z2]",
            "1.0 [Z3]",
            "1.0 [Z4]",
            "1.0 [Z5]",
            "1.0 [Z6]",
            "1.0 [Z7]"
          ],
          "fci_entanglement_after_clifford": [
            0.0,
            0.0,
            0.0,
            0.0011422443798284302,
            0.16579337574519215,
            0.08528422297398004,
            0.053743977255361716
          ],
          "cisd_entanglement_after_clifford": [
            0.0,
            0.0,
            0.0,
            0.0010543616162374313,
            0.1634850297479747,
            0.08433471621575445,
            0.05117674702159955
          ],
          "fiedler_ordering": [
            0,
            1,
            2,
            7,
            6,
            5,
            4,
            3
          ],
          "symmetries_after_fiedler": [
            "1.0 [Z0]",
            "1.0 [Z1]",
            "1.0 [Z2]",
            "1.0 [Z7]",
            "1.0 [Z6]",
            "1.0 [Z5]",
            "1.0 [Z4]",
            "1.0 [Z3]"
          ],
          "fci_entanglement_after_fiedler": [
            0.0,
            0.0,
            2.2204460492503123e-16,
            0.053743977255361494,
            0.08528422297397947,
            0.16579337574519173,
            0.0011422443798286541
          ],
          "cisd_entanglement_after_fiedler": [
            0.0,
            0.0,
            0.0,
            0.051176747021599536,
            0.08433471621575464,
            0.16348502974797482,
            0.0010543616162372095
          ],
          "fiedler_info": {
            "ordering": [
              0,
              1,
              2,
              7,
              6,
              5,
              4,
              3
            ],
            "old_to_new": [
              0,
              1,
              2,
              7,
              6,
              5,
              4,
              3
            ],
            "reverse_ordering": [
              3,
              4,
              5,
              6,
              7,
              2,
              1,
              0
            ],
            "components": [
              {
                "nodes": [
                  0
                ],
                "ordering": [
                  0
                ],
                "reverse_ordering": [
                  0
                ],
                "old_to_new_component": {
                  "0": 0
                },
                "fiedler_vector": [
                  0.0
                ],
                "fiedler_coordinates": {
                  "0": 0.0
                },
                "laplacian_eigenvalues": [
                  0.0
                ],
                "fiedler_eigenvalue": 0.0,
                "degrees": {
                  "0": 0.0
                },
                "total_weight": 0.0,
                "is_singleton": true,
                "is_nearly_degenerate": false
              },
              {
                "nodes": [
                  1
                ],
                "ordering": [
                  1
                ],
                "reverse_ordering": [
                  1
                ],
                "old_to_new_component": {
                  "1": 0
                },
                "fiedler_vector": [
                  0.0
                ],
                "fiedler_coordinates": {
                  "1": 0.0
                },
                "laplacian_eigenvalues": [
                  0.0
                ],
                "fiedler_eigenvalue": 0.0,
                "degrees": {
                  "1": 0.0
                },
                "total_weight": 0.0,
                "is_singleton": true,
                "is_nearly_degenerate": false
              },
              {
                "nodes": [
                  2
                ],
                "ordering": [
                  2
                ],
                "reverse_ordering": [
                  2
                ],
                "old_to_new_component": {
                  "2": 0
                },
                "fiedler_vector": [
                  0.0
                ],
                "fiedler_coordinates": {
                  "2": 0.0
                },
                "laplacian_eigenvalues": [
                  0.0
                ],
                "fiedler_eigenvalue": 0.0,
                "degrees": {
                  "2": 0.0
                },
                "total_weight": 0.0,
                "is_singleton": true,
                "is_nearly_degenerate": false
              },
              {
                "nodes": [
                  3,
                  4,
                  5,
                  6,
                  7
                ],
                "ordering": [
                  7,
                  6,
                  5,
                  4,
                  3
                ],
                "reverse_ordering": [
                  3,
                  4,
                  5,
                  6,
                  7
                ],
                "old_to_new_component": {
                  "7": 0,
                  "6": 1,
                  "5": 2,
                  "4": 3,
                  "3": 4
                },
                "fiedler_vector": [
                  0.8944219619427558,
                  -0.2219041182410994,
                  -0.22216680262473823,
                  -0.22422736072141425,
                  -0.22612368035550953
                ],
                "fiedler_coordinates": {
                  "3": 0.8944219619427558,
                  "4": -0.2219041182410994,
                  "5": -0.22216680262473823,
                  "6": -0.22422736072141425,
                  "7": -0.22612368035550953
                },
                "laplacian_eigenvalues": [
                  9.95993356817772e-18,
                  0.0015784571236245463,
                  0.10917205119323946,
                  0.13690135312267407,
                  0.5163614259369421
                ],
                "fiedler_eigenvalue": 0.0015784571236245463,
                "degrees": {
                  "3": 0.0012638786767477303,
                  "4": 0.305825004185594,
                  "5": 0.27357536660303583,
                  "6": 0.1011459382198744,
                  "7": 0.08220309969122919
                },
                "total_weight": 0.38200664368824055,
                "is_singleton": false,
                "is_nearly_degenerate": false
              }
            ],
            "nodes": [
              0,
              1,
              2,
              3,
              4,
              5,
              6,
              7
            ],
            "weight_matrix": [
              [
                0.0,
                0.0,
                0.0,
                0.0,
                0.0,
                0.0,
                0.0,
                0.0
              ],
              [
                0.0,
                0.0,
                0.0,
                0.0,
                0.0,
                0.0,
                0.0,
                0.0
              ],
              [
                0.0,
                0.0,
                0.0,
                0.0,
                0.0,
                0.0,
                0.0,
                0.0
              ],
              [
                0.0,
                0.0,
                0.0,
                0.0,
                0.0005935169848048927,
                0.00038148481206926044,
                0.0002178724094328427,
                7.100447044073449e-05
              ],
              [
                0.0,
                0.0,
                0.0,
                0.0005935169848048927,
                0.0,
                0.22533063813688947,
                0.04432010349497434,
                0.03558074556892532
              ],
              [
                0.0,
                0.0,
                0.0,
                0.00038148481206926044,
                0.22533063813688947,
                0.0,
                0.028959928158840575,
                0.018903315495236495
              ],
              [
                0.0,
                0.0,
                0.0,
                0.0002178724094328427,
                0.04432010349497434,
                0.028959928158840575,
                0.0,
                0.027648034156626644
              ],
              [
                0.0,
                0.0,
                0.0,
                7.100447044073449e-05,
                0.03558074556892532,
                0.018903315495236495,
                0.027648034156626644,
                0.0
              ]
            ],
            "weight_matrix_subspace": [
              [
                0.0,
                0.0,
                0.0,
                0.0,
                0.0,
                0.0,
                0.0,
                0.0
              ],
              [
                0.0,
                0.0,
                0.0,
                0.0,
                0.0,
                0.0,
                0.0,
                0.0
              ],
              [
                0.0,
                0.0,
                0.0,
                0.0,
                0.0,
                0.0,
                0.0,
                0.0
              ],
              [
                0.0,
                0.0,
                0.0,
                0.0,
                0.0005935169848048927,
                0.00038148481206926044,
                0.0002178724094328427,
                7.100447044073449e-05
              ],
              [
                0.0,
                0.0,
                0.0,
                0.0005935169848048927,
                0.0,
                0.22533063813688947,
                0.04432010349497434,
                0.03558074556892532
              ],
              [
                0.0,
                0.0,
                0.0,
                0.00038148481206926044,
                0.22533063813688947,
                0.0,
                0.028959928158840575,
                0.018903315495236495
              ],
              [
                0.0,
                0.0,
                0.0,
                0.0002178724094328427,
                0.04432010349497434,
                0.028959928158840575,
                0.0,
                0.027648034156626644
              ],
              [
                0.0,
                0.0,
                0.0,
                7.100447044073449e-05,
                0.03558074556892532,
                0.018903315495236495,
                0.027648034156626644,
                0.0
              ]
            ],
            "edge_tol": 1e-12,
            "tie_break": "index",
            "component_order": "index",
            "mutual_information": [
              [
                0.0,
                0.0,
                0.0,
                0.0,
                0.0,
                0.0,
                0.0,
                0.0
              ],
              [
                0.0,
                0.0,
                0.0,
                0.0,
                0.0,
                0.0,
                0.0,
                0.0
              ],
              [
                0.0,
                0.0,
                0.0,
                0.0,
                0.0,
                0.0,
                0.0,
                0.0
              ],
              [
                0.0,
                0.0,
                0.0,
                0.0,
                0.0005935169848048927,
                0.00038148481206926044,
                0.0002178724094328427,
                7.100447044073449e-05
              ],
              [
                0.0,
                0.0,
                0.0,
                0.0005935169848048927,
                0.0,
                0.22533063813688947,
                0.04432010349497434,
                0.03558074556892532
              ],
              [
                0.0,
                0.0,
                0.0,
                0.00038148481206926044,
                0.22533063813688947,
                0.0,
                0.028959928158840575,
                0.018903315495236495
              ],
              [
                0.0,
                0.0,
                0.0,
                0.0002178724094328427,
                0.04432010349497434,
                0.028959928158840575,
                0.0,
                0.027648034156626644
              ],
              [
                0.0,
                0.0,
                0.0,
                7.100447044073449e-05,
                0.03558074556892532,
                0.018903315495236495,
                0.027648034156626644,
                0.0
              ]
            ],
            "one_qubit_entropies": [
              -0.0,
              -0.0,
              -0.0,
              0.0010543616162369714,
              0.16302418511654265,
              0.14693110783466795,
              0.06080600335078174,
              0.05117674702159975
            ],
            "two_qubit_entropies": [
              [
                0.0,
                -0.0,
                -0.0,
                0.0010543616162369714,
                0.16302418511654265,
                0.14693110783466795,
                0.06080600335078185,
                0.05117674702159975
              ],
              [
                -0.0,
                0.0,
                -0.0,
                0.0010543616162369714,
                0.16302418511654265,
                0.14693110783466795,
                0.06080600335078185,
                0.05117674702159975
              ],
              [
                -0.0,
                -0.0,
                0.0,
                0.0010543616162369714,
                0.16302418511654265,
                0.14693110783466795,
                0.06080600335078185,
                0.05117674702159975
              ],
              [
                0.0010543616162369714,
                0.0010543616162369714,
                0.0010543616162369714,
                0.0,
                0.16348502974797474,
                0.14760398463883567,
                0.06164249255758587,
                0.05216010416739599
              ],
              [
                0.16302418511654265,
                0.16302418511654265,
                0.16302418511654265,
                0.16348502974797474,
                0.0,
                0.08462465481432113,
                0.17951008497235005,
                0.17862018656921708
              ],
              [
                0.14693110783466795,
                0.14693110783466795,
                0.14693110783466795,
                0.14760398463883567,
                0.08462465481432113,
                0.0,
                0.1787771830266091,
                0.1792045393610312
              ],
              [
                0.06080600335078185,
                0.06080600335078185,
                0.06080600335078185,
                0.06164249255758587,
                0.17951008497235005,
                0.1787771830266091,
                0.0,
                0.08433471621575485
              ],
              [
                0.05117674702159975,
                0.05117674702159975,
                0.05117674702159975,
                0.05216010416739599,
                0.17862018656921708,
                0.1792045393610312,
                0.08433471621575485,
                0.0
              ]
            ],
            "n_qubits": 8,
            "mutual_info_convention": "standard",
            "entropy_base": 2.718281828459045
          }
        },
        "HCT N/2 Comm": {
          "saved_symmetries": [
            "1.0 [Z0 Z3 Z4 Z7]",
            "1.0 [Z0 Z2 Z4 Z6]",
            "1.0 [Z0 Z1 Z4 Z5]",
            "1.0 [Z0 Z3 Z5 Z6]"
          ],
          "symmetries_after_clifford": [
            "1.0 [Z0]",
            "1.0 [Z1]",
            "1.0 [Z2]",
            "1.0 [Z3]"
          ],
          "fci_entanglement_after_clifford": [
            0.0,
            0.0,
            0.0,
            0.0009281818317882829,
            0.149532013764742,
            0.07510299872047643,
            0.04898761392934625
          ],
          "cisd_entanglement_after_clifford": [
            0.0,
            0.0,
            0.0,
            0.0007994336968425779,
            0.14647632839743396,
            0.07373853247225849,
            0.04672312610062474
          ]
        },
        "Pauli BLISS+HCT N Comm": {
          "saved_symmetries": [
            "1.0 [Z0 Z3 Z4 Z7]",
            "1.0 [Z0 Z2 Z4 Z6]",
            "1.0 [Z0 Z1 Z4 Z5]",
            "1.0 [Z0 Z3 Z5 Z6]",
            "1.0 [Z0 Z1 Z4 Z7]",
            "1.0 [Z4 Z7]",
            "1.0 [Z0]",
            "1.0 [Z7]"
          ],
          "symmetries_after_clifford": [
            "1.0 [Z0]",
            "1.0 [Z1]",
            "1.0 [Z2]",
            "1.0 [Z3]",
            "1.0 [Z4]",
            "1.0 [Z5]",
            "1.0 [Z6]",
            "1.0 [Z7]"
          ],
          "fci_entanglement_after_clifford": [
            0.0,
            0.0,
            0.0,
            0.0011422443798284302,
            0.16579337574519215,
            0.08528422297398004,
            0.053743977255361716
          ],
          "cisd_entanglement_after_clifford": [
            0.0,
            0.0,
            0.0,
            0.0010543616162374313,
            0.1634850297479747,
            0.08433471621575445,
            0.05117674702159955
          ]
        },
        "SEN N/2 Comm": {
          "saved_symmetries": [
            "1.0 [Z0 Z1]",
            "1.0 [Z2 Z3]",
            "1.0 [Z4 Z5]",
            "1.0 [Z6 Z7]"
          ],
          "symmetries_after_clifford": [
            "1.0 [Z0]",
            "1.0 [Z1]",
            "1.0 [Z2]",
            "1.0 [Z3]"
          ],
          "fci_entanglement_after_clifford": [
            0.06805649849940075,
            0.06900752468642682,
            0.0685880579161322,
            0.06542816553171162,
            0.10622123844615464,
            0.20906376436177587,
            0.05379632241096038
          ],
          "cisd_entanglement_after_clifford": [
            0.06614900952920194,
            0.06701929416889867,
            0.06651382224460878,
            0.06348880100844444,
            0.10223326705010458,
            0.20362054584887135,
            0.051227920460697435
          ]
        }
      }
    },
    "H4chain_corr": {
      "n_qubits": 8,
      "fci_energy": -1.8977806459898654,
      "cisd_energy": -1.85463697848473,
      "fci_entanglement_before_clifford": [
        0.5625590379069582,
        1.0360457112488288,
        1.5482012639811873,
        1.4146045470034403,
        1.5461190275921275,
        1.0332657406068249,
        0.560946429784354
      ],
      "cisd_entanglement_before_clifford": [
        0.5662975328767021,
        1.0262351966941146,
        1.6041469939287216,
        1.6096714751407266,
        1.5980140313573088,
        1.0173576842791945,
        0.5605999755071589
      ],
      "bliss_hct": {
        "tag": "Pauli BLISS+HCT N Comm",
        "epsilons": [
          0.0,
          0.0,
          0.0,
          0.018783828103325642,
          0.037353766571500704,
          0.04370932203524808,
          0.04370932203524808,
          0.04504704436653266
        ],
        "info": {
          "success": true,
          "message": "Optimization terminated successfully. (HiGHS Status 7: Optimal)",
          "initial_pauli_l1": 6.052664205652634,
          "final_pauli_l1": 4.719266080022704,
          "pauli_l1_reduction": 1.3333981256299294,
          "relative_pauli_l1_reduction": 0.22029937236310881,
          "n_killers": 38,
          "n_pauli_terms_initial": 185,
          "n_pauli_terms_final": 167
        }
      },
      "benchmarks": {
        "BS N Comm": {
          "saved_symmetries": [
            "1.0 [Z0 Z3 Z4 Z7]",
            "1.0 [Z1 Z3 Z5 Z7]",
            "1.0 [Z2 Z3 Z6 Z7]",
            "1.0 [Y0 Z1 Y2 Y4 Z5 Y6]",
            "1.0 [Z0 Z3 Z5 Z6]",
            "1.0 [Z7]",
            "1.0 [X1 X2 X5 X6]",
            "1.0 [Z0 Z5 Z6]"
          ],
          "symmetries_after_clifford": [
            "1.0 [Z0]",
            "1.0 [Z1]",
            "1.0 [Z2]",
            "1.0 [Z3]",
            "1.0 [Z4]",
            "1.0 [Z5]",
            "1.0 [Z6]",
            "1.0 [Z7]"
          ],
          "fci_entanglement_after_clifford": [
            2.664535259100365e-15,
            2.664535259100365e-15,
            2.8865798640253944e-15,
            0.4306128014672073,
            0.44715106828191786,
            0.6941766866248038,
            0.5809860218497178
          ],
          "cisd_entanglement_after_clifford": [
            1.1102230246251548e-15,
            1.1102230246251548e-15,
            1.1102230246251548e-15,
            0.6650805227356829,
            0.8053871767504693,
            0.8993136284758774,
