{
  "synthesis_basis": "Z",
  "generator_mapping": "positive_z",
  "log_base": "e",
  "systems": {
    "H4chain_eqm": {
      "n_qubits": 8,
      "fci_energy": -2.1803166143238575,
      "cisd_energy": -2.1795507519996784,
      "fci_entanglement_before_clifford": [
        0.06368160380046392,
        0.11012412253374489,
        0.24166698391791042,
        0.22636304780190866,
        0.2372188994535616,
        0.09813158828647393,
        0.05379632241096038
      ],
      "cisd_entanglement_before_clifford": [
        0.06097200900645332,
        0.1058746886655361,
        0.2348642046861085,
        0.22020796624589756,
        0.23047282325659707,
        0.09400991795388294,
        0.051227920460697435
      ],
      "bliss_hct": {
        "tag": "Pauli BLISS+HCT N Comm",
        "epsilons": [
          0.0,
          0.0,
          0.0,
          0.025706403138319442,
          0.034651389158540186,
          0.037377822569730046,
          0.04011593093922328,
          0.041035391322083475
        ],
        "info": {
          "success": true,
          "message": "Optimization terminated successfully. (HiGHS Status 7: Optimal)",
          "initial_pauli_l1": 7.715793450291508,
          "final_pauli_l1": 5.283075353305375,
          "pauli_l1_reduction": 2.4327180969861324,
          "relative_pauli_l1_reduction": 0.31529072319765417,
          "n_killers": 38,
          "n_pauli_terms_initial": 185,
          "n_pauli_terms_final": 167
        }
      },
      "benchmarks": {
        "BS N Comm": {
          "saved_symmetries": [
            "1.0 [Z0 Z3 Z4 Z7]",
            "1.0 [Z1 Z3 Z5 Z7]",
            "1.0 [Z2 Z3 Z6 Z7]",
            "1.0 [Z0 Z3 Z5 Z6]",
            "1.0 [Z7]",
            "1.0 [Z6]",
            "1.0 [Z0 Z5 Z6 Z7]",
            "1.0 [Z0 Z7]"
          ],
          "symmetries_after_clifford": [
            "1.0 [Z0]",
            "1.0 [Z1]",
            "1.0 [Z2]",
            "1.0 [Z3]",
            "1.0 [Z4]",
            "1.0 [Z5]",
            "1.0 [Z6]",
            "1.0 [Z7]"
          ],
          "fci_entanglement_after_clifford": [
            4.440892098500623e-16,
            4.440892098500623e-16,
            4.440892098500623e-16,
            0.0012571064088090713,
            0.03260241584433903,
            0.045519664223761074,
            0.03261267126582617
          ],
          "cisd_entanglement_after_clifford": [
            0.0,
            0.0,
            0.0,
            0.0011548432620988964,
            0.030973748128753077,
            0.045487575619645504,
            0.031915988090300544
          ],
          "fiedler_ordering": [
            0,
            1,
            2,
            5,
            7,
            4,
            6,
            3
          ],
          "symmetries_after_fiedler": [
            "1.0 [Z0]",
            "1.0 [Z1]",
            "1.0 [Z2]",
            "1.0 [Z7]",
            "1.0 [Z5]",
            "1.0 [Z3]",
            "1.0 [Z6]",
            "1.0 [Z4]"
          ],
          "fci_entanglement_after_fiedler": [
            4.440892098500623e-16,
            4.440892098500623e-16,
            4.440892098500623e-16,
            0.03163640395079248,
            0.04650380885649744,
            0.03370169882729669,
            0.0012571064088099596
          ],
          "cisd_entanglement_after_fiedler": [
            0.0,
            0.0,
            0.0,
            0.030207422492484915,
            0.044132693919349215,
            0.03350857363025353,
            0.0011548432620984534
          ],
          "fiedler_info": {
            "ordering": [
              0,
              1,
              2,
              5,
              7,
              4,
              6,
              3
            ],
            "old_to_new": [
              0,
              1,
              2,
              7,
              5,
              3,
              6,
              4
            ],
            "reverse_ordering": [
              3,
              6,
              4,
              7,
              5,
              2,
              1,
              0
            ],
            "components": [
              {
                "nodes": [
                  0
                ],
                "ordering": [
                  0
                ],
                "reverse_ordering": [
                  0
                ],
                "old_to_new_component": {
                  "0": 0
                },
                "fiedler_vector": [
                  0.0
                ],
                "fiedler_coordinates": {
                  "0": 0.0
                },
                "laplacian_eigenvalues": [
                  0.0
                ],
                "fiedler_eigenvalue": 0.0,
                "degrees": {
                  "0": 0.0
                },
                "total_weight": 0.0,
                "is_singleton": true,
                "is_nearly_degenerate": false
              },
              {
                "nodes": [
                  1
                ],
                "ordering": [
                  1
                ],
                "reverse_ordering": [
                  1
                ],
                "old_to_new_component": {
                  "1": 0
                },
                "fiedler_vector": [
                  0.0
                ],
                "fiedler_coordinates": {
                  "1": 0.0
                },
                "laplacian_eigenvalues": [
                  0.0
                ],
                "fiedler_eigenvalue": 0.0,
                "degrees": {
                  "1": 0.0
                },
                "total_weight": 0.0,
                "is_singleton": true,
                "is_nearly_degenerate": false
              },
              {
                "nodes": [
                  2
                ],
                "ordering": [
                  2
                ],
                "reverse_ordering": [
                  2
                ],
                "old_to_new_component": {
                  "2": 0
                },
                "fiedler_vector": [
                  0.0
                ],
                "fiedler_coordinates": {
                  "2": 0.0
                },
                "laplacian_eigenvalues": [
                  0.0
                ],
                "fiedler_eigenvalue": 0.0,
                "degrees": {
                  "2": 0.0
                },
                "total_weight": 0.0,
                "is_singleton": true,
                "is_nearly_degenerate": false
              },
              {
                "nodes": [
                  3,
                  4,
                  5,
                  6,
                  7
                ],
                "ordering": [
                  5,
                  7,
                  4,
                  6,
                  3
                ],
                "reverse_ordering": [
                  3,
                  6,
                  4,
                  7,
                  5
                ],
                "old_to_new_component": {
                  "5": 0,
                  "7": 1,
                  "4": 2,
                  "6": 3,
                  "3": 4
                },
                "fiedler_vector": [
                  0.894384915889591,
                  -0.22551400523635312,
                  -0.22755821553428413,
                  -0.21527737099881278,
                  -0.22603532412018962
                ],
                "fiedler_coordinates": {
                  "3": 0.894384915889591,
                  "4": -0.22551400523635312,
                  "5": -0.22755821553428413,
                  "6": -0.21527737099881278,
                  "7": -0.22603532412018962
                },
                "laplacian_eigenvalues": [
                  8.326672684688674e-17,
                  0.0021084259885335715,
                  0.06772213604829959,
                  0.0736102712615892,
                  0.07795007767531249
                ],
                "fiedler_eigenvalue": 0.0021084259885335715,
                "degrees": {
                  "3": 0.0016924490698501486,
                  "4": 0.05256852731248381,
                  "5": 0.052446279191820024,
                  "6": 0.05879074414170659,
                  "7": 0.05589291125787421
                },
                "total_weight": 0.1106954554868674,
                "is_singleton": false,
                "is_nearly_degenerate": false
              }
            ],
            "nodes": [
              0,
              1,
              2,
              3,
              4,
              5,
              6,
              7
            ],
            "weight_matrix": [
              [
                0.0,
                0.0,
                0.0,
                0.0,
                0.0,
                0.0,
                0.0,
                0.0
              ],
              [
                0.0,
                0.0,
                0.0,
                0.0,
                0.0,
                0.0,
                0.0,
                0.0
              ],
              [
                0.0,
                0.0,
                0.0,
                0.0,
                0.0,
                0.0,
                0.0,
                0.0
              ],
              [
                0.0,
                0.0,
                0.0,
                0.0,
                0.0002863733457115977,
                0.0001667152687626662,
                0.0009866551685549785,
                0.0002527052868209062
              ],
              [
                0.0,
                0.0,
                0.0,
                0.0002863733457115977,
                0.0,
                0.01521489407327669,
                0.019073953186343647,
                0.01799330670715188
              ],
              [
                0.0,
                0.0,
                0.0,
                0.0001667152687626662,
                0.01521489407327669,
                0.0,
                0.019073953186343605,
                0.017990716663437066
              ],
              [
                0.0,
                0.0,
                0.0,
                0.0009866551685549785,
                0.019073953186343647,
                0.019073953186343605,
                0.0,
                0.01965618260046436
              ],
              [
                0.0,
                0.0,
                0.0,
                0.0002527052868209062,
                0.01799330670715188,
                0.017990716663437066,
                0.01965618260046436,
                0.0
              ]
            ],
            "weight_matrix_subspace": [
              [
                0.0,
                0.0,
                0.0,
                0.0,
                0.0,
                0.0,
                0.0,
                0.0
              ],
              [
                0.0,
                0.0,
                0.0,
                0.0,
                0.0,
                0.0,
                0.0,
                0.0
              ],
              [
                0.0,
                0.0,
                0.0,
                0.0,
                0.0,
                0.0,
                0.0,
                0.0
              ],
              [
                0.0,
                0.0,
                0.0,
                0.0,
                0.0002863733457115977,
                0.0001667152687626662,
                0.0009866551685549785,
                0.0002527052868209062
              ],
              [
                0.0,
                0.0,
                0.0,
                0.0002863733457115977,
                0.0,
                0.01521489407327669,
                0.019073953186343647,
                0.01799330670715188
              ],
              [
                0.0,
                0.0,
                0.0,
                0.0001667152687626662,
                0.01521489407327669,
                0.0,
                0.019073953186343605,
                0.017990716663437066
              ],
              [
                0.0,
                0.0,
                0.0,
                0.0009866551685549785,
                0.019073953186343647,
                0.019073953186343605,
                0.0,
                0.01965618260046436
              ],
              [
                0.0,
                0.0,
                0.0,
                0.0002527052868209062,
                0.01799330670715188,
                0.017990716663437066,
                0.01965618260046436,
                0.0
              ]
            ],
            "edge_tol": 1e-12,
            "tie_break": "index",
            "component_order": "index",
            "mutual_information": [
              [
                0.0,
                0.0,
                0.0,
                0.0,
                0.0,
                0.0,
                0.0,
                0.0
              ],
              [
                0.0,
                0.0,
                0.0,
                0.0,
                0.0,
                0.0,
                0.0,
                0.0
              ],
              [
                0.0,
                0.0,
                0.0,
                0.0,
                0.0,
                0.0,
                0.0,
                0.0
              ],
              [
                0.0,
                0.0,
                0.0,
                0.0,
                0.0002863733457115977,
                0.0001667152687626662,
                0.0009866551685549785,
                0.0002527052868209062
              ],
              [
                0.0,
                0.0,
                0.0,
                0.0002863733457115977,
                0.0,
                0.01521489407327669,
                0.019073953186343647,
                0.01799330670715188
              ],
              [
                0.0,
                0.0,
                0.0,
                0.0001667152687626662,
                0.01521489407327669,
                0.0,
                0.019073953186343605,
                0.017990716663437066
              ],
              [
                0.0,
                0.0,
                0.0,
                0.0009866551685549785,
                0.019073953186343647,
                0.019073953186343605,
                0.0,
                0.01965618260046436
              ],
              [
                0.0,
                0.0,
                0.0,
                0.0002527052868209062,
                0.01799330670715188,
                0.017990716663437066,
                0.01965618260046436,
                0.0
              ]
            ],
            "one_qubit_entropies": [
              -0.0,
              -0.0,
              -0.0,
              0.001154843262098239,
              0.030207422492485116,
              0.030207422492485123,
              0.03334038553671072,
              0.03191598809030084
            ],
            "two_qubit_entropies": [
              [
                0.0,
                -0.0,
                -0.0,
                0.001154843262098239,
                0.030207422492485116,
                0.030207422492485123,
                0.03334038553671072,
                0.03191598809030084
              ],
              [
                -0.0,
                0.0,
                -0.0,
                0.001154843262098239,
                0.030207422492485116,
                0.030207422492485123,
                0.03334038553671072,
                0.03191598809030084
              ],
              [
                -0.0,
                -0.0,
                0.0,
                0.001154843262098239,
                0.030207422492485116,
                0.030207422492485123,
                0.03334038553671072,
                0.03191598809030084
              ],
              [
                0.001154843262098239,
                0.001154843262098239,
                0.001154843262098239,
                0.0,
                0.031075892408871757,
                0.031195550485820695,
                0.03350857363025398,
                0.03281812606557818
              ],
              [
                0.030207422492485116,
                0.030207422492485116,
                0.030207422492485116,
                0.031075892408871757,
                0.0,
                0.04519995091169355,
                0.04447385484285219,
                0.04413010387563408
              ],
              [
                0.030207422492485123,
                0.030207422492485123,
                0.030207422492485123,
                0.031195550485820695,
                0.04519995091169355,
                0.0,
                0.04447385484285223,
                0.044132693919348896
              ],
              [
                0.03334038553671072,
                0.03334038553671072,
                0.03334038553671072,
                0.03350857363025398,
                0.04447385484285219,
                0.04447385484285223,
                0.0,
                0.0456001910265472
              ],
              [
                0.03191598809030084,
                0.03191598809030084,
                0.03191598809030084,
                0.03281812606557818,
                0.04413010387563408,
                0.044132693919348896,
                0.0456001910265472,
                0.0
              ]
            ],
            "n_qubits": 8,
            "mutual_info_convention": "standard",
            "entropy_base": 2.718281828459045
          }
        },
        "BS N/2 Comm": {
          "saved_symmetries": [
            "1.0 [Z0 Z3 Z4 Z7]",
            "1.0 [Z1 Z3 Z5 Z7]",
            "1.0 [Z2 Z3 Z6 Z7]",
            "1.0 [Z0 Z3 Z5 Z6]"
          ],
          "symmetries_after_clifford": [
            "1.0 [Z0]",
            "1.0 [Z1]",
            "1.0 [Z2]",
            "1.0 [Z3]"
          ],
          "fci_entanglement_after_clifford": [
            0.0,
            0.0,
            0.0,
            0.000928181831788949,
            0.14953201376474157,
            0.07510299872047659,
            0.04898761392934668
          ],
          "cisd_entanglement_after_clifford": [
            0.0,
            0.0,
            0.0,
            0.000799433696842356,
            0.14647632839743396,
            0.07373853247225783,
            0.04672312610062474
          ]
        },
        "HCT N Comm": {
          "saved_symmetries": [
            "1.0 [Z0 Z3 Z4 Z7]",
            "1.0 [Z0 Z2 Z4 Z6]",
            "1.0 [Z0 Z1 Z4 Z5]",
            "1.0 [Z0 Z3 Z5 Z6]",
            "1.0 [Z0 Z1 Z4 Z7]",
            "1.0 [Z4 Z7]",
            "1.0 [Z0]",
            "1.0 [Z7]"
          ],
          "symmetries_after_clifford": [
            "1.0 [Z0]",
            "1.0 [Z1]",
            "1.0 [Z2]",
            "1.0 [Z3]",
            "1.0 [Z4]",
            "1.0 [Z5]",
            "1.0 [Z6]",
            "1.0 [Z7]"
          ],
          "fci_entanglement_after_clifford": [
            4.440892098500623e-16,
            4.440892098500623e-16,
            4.440892098500623e-16,
            0.0011422443798284319,
            0.1657933757451905,
            0.08528422297397911,
            0.053743977255362174
          ],
          "cisd_entanglement_after_clifford": [
            0.0,
            0.0,
            0.0,
            0.0010543616162369868,
            0.16348502974797435,
            0.0843347162157547,
            0.05117674702159955
          ],
          "fiedler_ordering": [
            0,
            1,
            2,
            7,
            6,
            5,
            4,
            3
          ],
          "symmetries_after_fiedler": [
            "1.0 [Z0]",
            "1.0 [Z1]",
            "1.0 [Z2]",
            "1.0 [Z7]",
            "1.0 [Z6]",
            "1.0 [Z5]",
            "1.0 [Z4]",
            "1.0 [Z3]"
          ],
          "fci_entanglement_after_fiedler": [
            4.440892098500623e-16,
            4.440892098500623e-16,
            4.440892098500623e-16,
            0.053743977255361314,
            0.08528422297398014,
            0.1657933757451919,
            0.001142244379829098
          ],
          "cisd_entanglement_after_fiedler": [
            0.0,
            0.0,
            0.0,
            0.05117674702159887,
            0.08433471621575485,
            0.16348502974797513,
            0.0010543616162374315
          ],
          "fiedler_info": {
            "ordering": [
              0,
              1,
              2,
              7,
              6,
              5,
              4,
              3
            ],
            "old_to_new": [
              0,
              1,
              2,
              7,
              6,
              5,
              4,
              3
            ],
            "reverse_ordering": [
              3,
              4,
              5,
              6,
              7,
              2,
              1,
              0
            ],
            "components": [
              {
                "nodes": [
                  0
                ],
                "ordering": [
                  0
                ],
                "reverse_ordering": [
                  0
                ],
                "old_to_new_component": {
                  "0": 0
                },
                "fiedler_vector": [
                  0.0
                ],
                "fiedler_coordinates": {
                  "0": 0.0
                },
                "laplacian_eigenvalues": [
                  0.0
                ],
                "fiedler_eigenvalue": 0.0,
                "degrees": {
                  "0": 0.0
                },
                "total_weight": 0.0,
                "is_singleton": true,
                "is_nearly_degenerate": false
              },
              {
                "nodes": [
                  1
                ],
                "ordering": [
                  1
                ],
                "reverse_ordering": [
                  1
                ],
                "old_to_new_component": {
                  "1": 0
                },
                "fiedler_vector": [
                  0.0
                ],
                "fiedler_coordinates": {
                  "1": 0.0
                },
                "laplacian_eigenvalues": [
                  0.0
                ],
                "fiedler_eigenvalue": 0.0,
                "degrees": {
                  "1": 0.0
                },
                "total_weight": 0.0,
                "is_singleton": true,
                "is_nearly_degenerate": false
              },
              {
                "nodes": [
                  2
                ],
                "ordering": [
                  2
                ],
                "reverse_ordering": [
                  2
                ],
                "old_to_new_component": {
                  "2": 0
                },
                "fiedler_vector": [
                  0.0
                ],
                "fiedler_coordinates": {
                  "2": 0.0
                },
                "laplacian_eigenvalues": [
                  0.0
                ],
                "fiedler_eigenvalue": 0.0,
                "degrees": {
                  "2": 0.0
                },
                "total_weight": 0.0,
                "is_singleton": true,
                "is_nearly_degenerate": false
              },
              {
                "nodes": [
                  3,
                  4,
                  5,
                  6,
                  7
                ],
                "ordering": [
                  7,
                  6,
                  5,
                  4,
                  3
                ],
                "reverse_ordering": [
                  3,
                  4,
                  5,
                  6,
                  7
                ],
                "old_to_new_component": {
                  "7": 0,
                  "6": 1,
                  "5": 2,
                  "4": 3,
                  "3": 4
                },
                "fiedler_vector": [
                  0.8944219619427669,
                  -0.22190411824108877,
                  -0.22216680262472777,
                  -0.22422736072140234,
                  -0.22612368035549887
                ],
                "fiedler_coordinates": {
                  "3": 0.8944219619427669,
                  "4": -0.22190411824108877,
                  "5": -0.22216680262472777,
                  "6": -0.22422736072140234,
                  "7": -0.22612368035549887
                },
                "laplacian_eigenvalues": [
                  -6.707189778898104e-17,
                  0.0015784571236246837,
                  0.10917205119324049,
                  0.13690135312267182,
                  0.5163614259369408
                ],
                "fiedler_eigenvalue": 0.0015784571236246837,
                "degrees": {
                  "3": 0.0012638786767478552,
                  "4": 0.30582500418559255,
                  "5": 0.2735753666030353,
                  "6": 0.10114593821987339,
                  "7": 0.08220309969123002
                },
                "total_weight": 0.38200664368823956,
                "is_singleton": false,
                "is_nearly_degenerate": false
              }
            ],
            "nodes": [
              0,
              1,
              2,
              3,
              4,
              5,
              6,
              7
            ],
            "weight_matrix": [
              [
                0.0,
                0.0,
                0.0,
                0.0,
                0.0,
                0.0,
                0.0,
                0.0
              ],
              [
                0.0,
                0.0,
                0.0,
                0.0,
                0.0,
                0.0,
                0.0,
                0.0
              ],
              [
                0.0,
                0.0,
                0.0,
                0.0,
                0.0,
                0.0,
                0.0,
                0.0
              ],
              [
                0.0,
                0.0,
                0.0,
                0.0,
                0.0005935169848049204,
                0.0003814848120692049,
                0.00021787240943299535,
                7.100447044073449e-05
              ],
              [
                0.0,
                0.0,
                0.0,
                0.0005935169848049204,
                0.0,
                0.22533063813688936,
                0.04432010349497295,
                0.03558074556892535
              ],
              [
                0.0,
                0.0,
                0.0,
                0.0003814848120692049,
                0.22533063813688936,
                0.0,
                0.028959928158840104,
                0.018903315495236606
              ],
              [
                0.0,
                0.0,
                0.0,
                0.00021787240943299535,
                0.04432010349497295,
                0.028959928158840104,
                0.0,
                0.027648034156627338
              ],
              [
                0.0,
                0.0,
                0.0,
                7.100447044073449e-05,
                0.03558074556892535,
                0.018903315495236606,
                0.027648034156627338,
                0.0
              ]
            ],
            "weight_matrix_subspace": [
              [
                0.0,
                0.0,
                0.0,
                0.0,
                0.0,
                0.0,
                0.0,
                0.0
              ],
              [
                0.0,
                0.0,
                0.0,
                0.0,
                0.0,
                0.0,
                0.0,
                0.0
              ],
              [
                0.0,
                0.0,
                0.0,
                0.0,
                0.0,
                0.0,
                0.0,
                0.0
              ],
              [
                0.0,
                0.0,
                0.0,
                0.0,
                0.0005935169848049204,
                0.0003814848120692049,
                0.00021787240943299535,
                7.100447044073449e-05
              ],
              [
                0.0,
                0.0,
                0.0,
                0.0005935169848049204,
                0.0,
                0.22533063813688936,
                0.04432010349497295,
                0.03558074556892535
              ],
              [
                0.0,
                0.0,
                0.0,
                0.0003814848120692049,
                0.22533063813688936,
                0.0,
                0.028959928158840104,
                0.018903315495236606
              ],
              [
                0.0,
                0.0,
                0.0,
                0.00021787240943299535,
                0.04432010349497295,
                0.028959928158840104,
                0.0,
                0.027648034156627338
              ],
              [
                0.0,
                0.0,
                0.0,
                7.100447044073449e-05,
                0.03558074556892535,
                0.018903315495236606,
                0.027648034156627338,
                0.0
              ]
            ],
            "edge_tol": 1e-12,
            "tie_break": "index",
            "component_order": "index",
            "mutual_information": [
              [
                0.0,
                0.0,
                0.0,
                0.0,
                0.0,
                0.0,
                0.0,
                0.0
              ],
              [
                0.0,
                0.0,
                0.0,
                0.0,
                0.0,
                0.0,
                0.0,
                0.0
              ],
              [
                0.0,
                0.0,
                0.0,
                0.0,
                0.0,
                0.0,
                0.0,
                0.0
              ],
              [
                0.0,
                0.0,
                0.0,
                0.0,
                0.0005935169848049204,
                0.0003814848120692049,
                0.00021787240943299535,
                7.100447044073449e-05
              ],
              [
                0.0,
                0.0,
                0.0,
                0.0005935169848049204,
                0.0,
                0.22533063813688936,
                0.04432010349497295,
                0.03558074556892535
              ],
              [
                0.0,
                0.0,
                0.0,
                0.0003814848120692049,
                0.22533063813688936,
                0.0,
                0.028959928158840104,
                0.018903315495236606
              ],
              [
                0.0,
                0.0,
                0.0,
                0.00021787240943299535,
                0.04432010349497295,
                0.028959928158840104,
                0.0,
                0.027648034156627338
              ],
              [
                0.0,
                0.0,
                0.0,
                7.100447044073449e-05,
                0.03558074556892535,
                0.018903315495236606,
                0.027648034156627338,
                0.0
              ]
            ],
            "one_qubit_entropies": [
              -0.0,
              -0.0,
              -0.0,
              0.0010543616162369714,
              0.16302418511654265,
              0.14693110783466795,
              0.06080600335078185,
              0.05117674702159975
            ],
            "two_qubit_entropies": [
              [
                0.0,
                -0.0,
                -0.0,
                0.0010543616162369714,
                0.16302418511654265,
                0.14693110783466795,
                0.06080600335078185,
                0.05117674702159975
              ],
              [
                -0.0,
                0.0,
                -0.0,
                0.0010543616162369714,
                0.16302418511654265,
                0.14693110783466795,
                0.06080600335078185,
                0.05117674702159975
              ],
              [
                -0.0,
                -0.0,
                0.0,
                0.0010543616162369714,
                0.16302418511654265,
                0.14693110783466795,
                0.06080600335078185,
                0.05117674702159975
              ],
              [
                0.0010543616162369714,
                0.0010543616162369714,
                0.0010543616162369714,
                0.0,
                0.1634850297479747,
                0.14760398463883573,
                0.06164249255758583,
                0.05216010416739599
              ],
              [
                0.16302418511654265,
                0.16302418511654265,
                0.16302418511654265,
                0.1634850297479747,
                0.0,
                0.08462465481432124,
                0.17951008497235155,
                0.17862018656921705
              ],
              [
                0.14693110783466795,
                0.14693110783466795,
                0.14693110783466795,
                0.14760398463883573,
                0.08462465481432124,
                0.0,
                0.1787771830266097,
                0.1792045393610311
              ],
              [
                0.06080600335078185,
                0.06080600335078185,
                0.06080600335078185,
                0.06164249255758583,
                0.17951008497235155,
                0.1787771830266097,
                0.0,
                0.08433471621575427
              ],
              [
                0.05117674702159975,
                0.05117674702159975,
                0.05117674702159975,
                0.05216010416739599,
                0.17862018656921705,
                0.1792045393610311,
                0.08433471621575427,
                0.0
              ]
            ],
            "n_qubits": 8,
            "mutual_info_convention": "standard",
            "entropy_base": 2.718281828459045
          }
        },
        "HCT N/2 Comm": {
          "saved_symmetries": [
            "1.0 [Z0 Z3 Z4 Z7]",
            "1.0 [Z0 Z2 Z4 Z6]",
            "1.0 [Z0 Z1 Z4 Z5]",
            "1.0 [Z0 Z3 Z5 Z6]"
          ],
          "symmetries_after_clifford": [
            "1.0 [Z0]",
            "1.0 [Z1]",
            "1.0 [Z2]",
            "1.0 [Z3]"
          ],
          "fci_entanglement_after_clifford": [
            0.0,
            0.0,
            0.0,
            0.0009281818317876161,
            0.14953201376474157,
            0.07510299872047659,
            0.04898761392934668
          ],
          "cisd_entanglement_after_clifford": [
            0.0,
            0.0,
            0.0,
            0.000799433696842356,
            0.14647632839743396,
            0.07373853247225783,
            0.04672312610062474
          ]
        },
        "Pauli BLISS+HCT N Comm": {
          "saved_symmetries": [
            "1.0 [Z0 Z3 Z4 Z7]",
            "1.0 [Z0 Z2 Z4 Z6]",
            "1.0 [Z0 Z1 Z4 Z5]",
            "1.0 [Z0 Z3 Z5 Z6]",
            "1.0 [Z0 Z1 Z4 Z7]",
            "1.0 [Z4 Z7]",
            "1.0 [Z0]",
            "1.0 [Z7]"
          ],
          "symmetries_after_clifford": [
            "1.0 [Z0]",
            "1.0 [Z1]",
            "1.0 [Z2]",
            "1.0 [Z3]",
            "1.0 [Z4]",
            "1.0 [Z5]",
            "1.0 [Z6]",
            "1.0 [Z7]"
          ],
          "fci_entanglement_after_clifford": [
            4.440892098500623e-16,
            4.440892098500623e-16,
            4.440892098500623e-16,
            0.0011422443798284319,
            0.1657933757451905,
            0.08528422297397911,
            0.053743977255362174
          ],
          "cisd_entanglement_after_clifford": [
            0.0,
            0.0,
            0.0,
            0.0010543616162369868,
            0.16348502974797435,
            0.0843347162157547,
            0.05117674702159955
          ]
        },
        "SEN N/2 Comm": {
          "saved_symmetries": [
            "1.0 [Z0 Z1]",
            "1.0 [Z2 Z3]",
            "1.0 [Z4 Z5]",
            "1.0 [Z6 Z7]"
          ],
          "symmetries_after_clifford": [
            "1.0 [Z0]",
            "1.0 [Z1]",
            "1.0 [Z2]",
            "1.0 [Z3]"
          ],
          "fci_entanglement_after_clifford": [
            0.06805649849940032,
            0.06900752468642687,
            0.06858805791613215,
            0.0654281655317104,
            0.10622123844615487,
            0.20906376436177582,
            0.05379632241096083
          ],
          "cisd_entanglement_after_clifford": [
            0.06614900952920215,
            0.06701929416889868,
            0.06651382224460879,
            0.06348880100844423,
            0.10223326705010483,
            0.20362054584887176,
            0.051227920460697435
          ]
        }
      }
    }
  }
}
