{
  "input_datasets": "/Users/praveenjayakumar/Jay Family Dropbox/praveen jayakumar/6.To-Fro Praveen/UToronto/codes backup/seniority/QuasiSymmetries/saved/results/JUL09/state_agnostic_bs_benchmark_datasets",
  "fiedler_reference": "cisd",
  "synthesis_basis": "Z",
  "generator_mapping": "positive_z",
  "systems": {
    "H4chain_eqm": {
      "n_qubits": 8,
      "fci_energy": -2.1803166143238575,
      "cisd_energy": -2.1795507519996784,
      "objectives": {
        "commuting_weight": {
          "system": "H4chain_eqm",
          "objective": "commuting_weight",
          "dataset_tag": "BS N commuting_weight",
          "n_qubits": 8,
          "fiedler_reference": "cisd",
          "dmrg_bd_before_fiedler": 3,
          "dmrg_bd_after_fiedler": 3,
          "dmrg_energy_after_fiedler": {
            "real": -2.180216349046887,
            "imag": -2.1912774534136044e-16
          },
          "transform_seconds": 0.043539959006011486,
          "fiedler_seconds": 0.011757625034078956,
          "dmrg_seconds": 1.7975584589876235,
          "original_symmetries": [
            "(1+0j) [Z0 Z3 Z4 Z7]",
            "(1+0j) [Z1 Z3 Z5 Z7]",
            "(1+0j) [Z2 Z3 Z6 Z7]",
            "(1+0j) [Z1]",
            "(1+0j) [Z0]",
            "(1+0j) [Z0 Z5]",
            "(1+0j) [Z4 Z6]",
            "(1+0j) [Z0 Z3 Z5 Z6]"
          ],
          "symmetries_after_clifford": [
            "1.0 [Z0]",
            "1.0 [Z1]",
            "1.0 [Z2]",
            "1.0 [Z3]",
            "1.0 [Z4]",
            "1.0 [Z5]",
            "1.0 [Z6]",
            "1.0 [Z7]"
          ],
          "original_symmetries_in_fiedler_order": [
            "(1+0j) [Z0 Z3 Z4 Z7]",
            "(1+0j) [Z1 Z3 Z5 Z7]",
            "(1+0j) [Z2 Z3 Z6 Z7]",
            "(1+0j) [Z1]",
            "(1+0j) [Z0]",
            "(1+0j) [Z4 Z6]",
            "(1+0j) [Z0 Z5]",
            "(1+0j) [Z0 Z3 Z5 Z6]"
          ],
          "transformed_symmetries_after_fiedler": [
            "1.0 [Z0]",
            "1.0 [Z1]",
            "1.0 [Z2]",
            "1.0 [Z3]",
            "1.0 [Z4]",
            "1.0 [Z6]",
            "1.0 [Z5]",
            "1.0 [Z7]"
          ],
          "fiedler_ordering": [
            0,
            1,
            2,
            3,
            4,
            6,
            5,
            7
          ],
          "fiedler_info": {
            "ordering": [
              0,
              1,
              2,
              3,
              4,
              6,
              5,
              7
            ],
            "old_to_new": [
              0,
              1,
              2,
              3,
              4,
              6,
              5,
              7
            ],
            "reverse_ordering": [
              7,
              5,
              6,
              4,
              3,
              2,
              1,
              0
            ],
            "components": [
              {
                "nodes": [
                  0
                ],
                "ordering": [
                  0
                ],
                "reverse_ordering": [
                  0
                ],
                "old_to_new_component": {
                  "0": 0
                },
                "fiedler_vector": [
                  0.0
                ],
                "fiedler_coordinates": {
                  "0": 0.0
                },
                "laplacian_eigenvalues": [
                  0.0
                ],
                "fiedler_eigenvalue": 0.0,
                "degrees": {
                  "0": 0.0
                },
                "total_weight": 0.0,
                "is_singleton": true,
                "is_nearly_degenerate": false
              },
              {
                "nodes": [
                  1
                ],
                "ordering": [
                  1
                ],
                "reverse_ordering": [
                  1
                ],
                "old_to_new_component": {
                  "1": 0
                },
                "fiedler_vector": [
                  0.0
                ],
                "fiedler_coordinates": {
                  "1": 0.0
                },
                "laplacian_eigenvalues": [
                  0.0
                ],
                "fiedler_eigenvalue": 0.0,
                "degrees": {
                  "1": 0.0
                },
                "total_weight": 0.0,
                "is_singleton": true,
                "is_nearly_degenerate": false
              },
              {
                "nodes": [
                  2
                ],
                "ordering": [
                  2
                ],
                "reverse_ordering": [
                  2
                ],
                "old_to_new_component": {
                  "2": 0
                },
                "fiedler_vector": [
                  0.0
                ],
                "fiedler_coordinates": {
                  "2": 0.0
                },
                "laplacian_eigenvalues": [
                  0.0
                ],
                "fiedler_eigenvalue": 0.0,
                "degrees": {
                  "2": 0.0
                },
                "total_weight": 0.0,
                "is_singleton": true,
                "is_nearly_degenerate": false
              },
              {
                "nodes": [
                  3,
                  4,
                  5,
                  6,
                  7
                ],
                "ordering": [
                  3,
                  4,
                  6,
                  5,
                  7
                ],
                "reverse_ordering": [
                  7,
                  5,
                  6,
                  4,
                  3
                ],
                "old_to_new_component": {
                  "3": 0,
                  "4": 1,
                  "6": 2,
                  "5": 3,
                  "7": 4
                },
                "fiedler_vector": [
                  -0.22415871118503006,
                  -0.22401962751683793,
                  -0.2230111571525441,
                  -0.22323726296691515,
                  0.8944267588213175
                ],
                "fiedler_coordinates": {
                  "3": -0.22415871118503006,
                  "4": -0.22401962751683793,
                  "5": -0.2230111571525441,
                  "6": -0.22323726296691515,
                  "7": 0.8944267588213175
                },
                "laplacian_eigenvalues": [
                  1.226552115788335e-17,
                  0.0016024226851613236,
                  0.12822170975294866,
                  0.15676775240161409,
                  0.5501751822171044
                ],
                "fiedler_eigenvalue": 0.0016024226851613236,
                "degrees": {
                  "3": 0.10342423415637983,
                  "4": 0.10374784658606673,
                  "5": 0.30057628254727153,
                  "6": 0.32773664193240315,
                  "7": 0.0012820618347080953
                },
                "total_weight": 0.4183835335284146,
                "is_singleton": false,
                "is_nearly_degenerate": false
              }
            ],
            "nodes": [
              0,
              1,
              2,
              3,
              4,
              5,
              6,
              7
            ],
            "weight_matrix": [
              [
                0.0,
                0.0,
                0.0,
                0.0,
                0.0,
                0.0,
                0.0,
                0.0
              ],
              [
                0.0,
                0.0,
                0.0,
                0.0,
                0.0,
                0.0,
                0.0,
                0.0
              ],
              [
                0.0,
                0.0,
                0.0,
                0.0,
                0.0,
                0.0,
                0.0,
                0.0
              ],
              [
                0.0,
                0.0,
                0.0,
                0.0,
                0.024637359825741723,
                0.03253516094212297,
                0.04600493445486417,
                0.0002467789336509582
              ],
              [
                0.0,
                0.0,
                0.0,
                0.024637359825741723,
                0.0,
                0.03253516094212344,
                0.04631303665769379,
                0.0002622891605077657
              ],
              [
                0.0,
                0.0,
                0.0,
                0.03253516094212297,
                0.03253516094212344,
                0.0,
                0.23507581887116047,
                0.0004301417918646244
              ],
              [
                0.0,
                0.0,
                0.0,
                0.04600493445486417,
                0.04631303665769379,
                0.23507581887116047,
                0.0,
                0.000342851948684747
              ],
              [
                0.0,
                0.0,
                0.0,
                0.0002467789336509582,
                0.0002622891605077657,
                0.0004301417918646244,
                0.000342851948684747,
                0.0
              ]
            ],
            "weight_matrix_subspace": [
              [
                0.0,
                0.0,
                0.0,
                0.0,
                0.0,
                0.0,
                0.0,
                0.0
              ],
              [
                0.0,
                0.0,
                0.0,
                0.0,
                0.0,
                0.0,
                0.0,
                0.0
              ],
              [
                0.0,
                0.0,
                0.0,
                0.0,
                0.0,
                0.0,
                0.0,
                0.0
              ],
              [
                0.0,
                0.0,
                0.0,
                0.0,
                0.024637359825741723,
                0.03253516094212297,
                0.04600493445486417,
                0.0002467789336509582
              ],
              [
                0.0,
                0.0,
                0.0,
                0.024637359825741723,
                0.0,
                0.03253516094212344,
                0.04631303665769379,
                0.0002622891605077657
              ],
              [
                0.0,
                0.0,
                0.0,
                0.03253516094212297,
                0.03253516094212344,
                0.0,
                0.23507581887116047,
                0.0004301417918646244
              ],
              [
                0.0,
                0.0,
                0.0,
                0.04600493445486417,
                0.04631303665769379,
                0.23507581887116047,
                0.0,
                0.000342851948684747
              ],
              [
                0.0,
                0.0,
                0.0,
                0.0002467789336509582,
                0.0002622891605077657,
                0.0004301417918646244,
                0.000342851948684747,
                0.0
              ]
            ],
            "edge_tol": 1e-12,
            "tie_break": "index",
            "component_order": "index",
            "mutual_information": [
              [
                0.0,
                0.0,
                0.0,
                0.0,
                0.0,
                0.0,
                0.0,
                0.0
              ],
              [
                0.0,
                0.0,
                0.0,
                0.0,
                0.0,
                0.0,
                0.0,
                0.0
              ],
              [
                0.0,
                0.0,
                0.0,
                0.0,
                0.0,
                0.0,
                0.0,
                0.0
              ],
              [
                0.0,
                0.0,
                0.0,
                0.0,
                0.024637359825741723,
                0.03253516094212297,
                0.04600493445486417,
                0.0002467789336509582
              ],
              [
                0.0,
                0.0,
                0.0,
                0.024637359825741723,
                0.0,
                0.03253516094212344,
                0.04631303665769379,
                0.0002622891605077657
              ],
              [
                0.0,
                0.0,
                0.0,
                0.03253516094212297,
                0.03253516094212344,
                0.0,
                0.23507581887116047,
                0.0004301417918646244
              ],
              [
                0.0,
                0.0,
                0.0,
                0.04600493445486417,
                0.04631303665769379,
                0.23507581887116047,
                0.0,
                0.000342851948684747
              ],
              [
                0.0,
                0.0,
                0.0,
                0.0002467789336509582,
                0.0002622891605077657,
                0.0004301417918646244,
                0.000342851948684747,
                0.0
              ]
            ],
            "one_qubit_entropies": [
              -2.220446049250313e-16,
              -2.220446049250313e-16,
              -2.220446049250313e-16,
              0.060561908464102004,
              0.060561908464102004,
              0.15905406657184665,
              0.17258513036706707,
              0.001054361616236972
            ],
            "two_qubit_entropies": [
              [
                0.0,
                -2.220446049250313e-16,
                -2.220446049250313e-16,
                0.060561908464102004,
                0.060561908464102004,
                0.15905406657184665,
                0.17258513036706707,
                0.001054361616236972
              ],
              [
                -2.220446049250313e-16,
                0.0,
                -2.220446049250313e-16,
                0.060561908464102004,
                0.060561908464102004,
                0.15905406657184665,
                0.17258513036706707,
                0.001054361616236972
              ],
              [
                -2.220446049250313e-16,
                -2.220446049250313e-16,
                0.0,
                0.060561908464102004,
                0.060561908464102004,
                0.15905406657184665,
                0.17258513036706707,
                0.001054361616236972
              ],
              [
                0.060561908464102004,
                0.060561908464102004,
                0.060561908464102004,
                0.0,
                0.09648645710246229,
                0.18708081409382568,
                0.1871421043763049,
                0.06136949114668802
              ],
              [
                0.060561908464102004,
                0.060561908464102004,
                0.060561908464102004,
                0.09648645710246229,
                0.0,
                0.1870808140938252,
                0.1868340021734753,
                0.061353980919831214
              ],
              [
                0.15905406657184665,
                0.15905406657184665,
                0.15905406657184665,
                0.18708081409382568,
                0.1870808140938252,
                0.0,
                0.09656337806775328,
                0.159678286396219
              ],
              [
                0.17258513036706707,
                0.17258513036706707,
                0.17258513036706707,
                0.1871421043763049,
                0.1868340021734753,
                0.09656337806775328,
                0.0,
                0.1732966400346193
              ],
              [
                0.001054361616236972,
                0.001054361616236972,
                0.001054361616236972,
                0.06136949114668802,
                0.061353980919831214,
                0.159678286396219,
                0.1732966400346193,
                0.0
              ]
            ],
            "n_qubits": 8,
            "mutual_info_convention": "standard",
            "entropy_base": 2.718281828459045
          },
          "fci_entanglement_after_clifford": [
            0.0,
            0.0,
            0.0,
            0.06325940058797072,
            0.09806993627884268,
            0.17602134706452682,
            0.0011422443798291078
          ],
          "cisd_entanglement_after_clifford": [
            0.0,
            0.0,
            0.0,
            0.06056190846410282,
            0.09648645710246173,
            0.1732966400346192,
            0.001054361616237432
          ],
          "fci_entanglement_after_fiedler": [
            0.0,
            0.0,
            0.0,
            0.06325940058797073,
            0.09806993627884204,
            0.16221670383986342,
            0.001142244379828664
          ],
          "cisd_entanglement_after_fiedler": [
            0.0,
            0.0,
            0.0,
            0.06056190846410283,
            0.09648645710246241,
            0.15963764909606454,
            0.001054361616237432
          ],
          "non_commuting_l1": 13.437821661663278,
          "num_commuting_terms": 36
        },
        "summed_single_commuting_weight": {
          "system": "H4chain_eqm",
          "objective": "summed_single_commuting_weight",
          "dataset_tag": "BS N summed_single_commuting_weight",
          "n_qubits": 8,
          "fiedler_reference": "cisd",
          "dmrg_bd_before_fiedler": 4,
          "dmrg_bd_after_fiedler": 4,
          "dmrg_energy_after_fiedler": {
            "real": -2.180316614323857,
            "imag": -1.6968669707102992e-16
          },
          "transform_seconds": 0.03287341701798141,
          "fiedler_seconds": 0.00624199997400865,
          "dmrg_seconds": 1.9755311660119332,
          "original_symmetries": [
            "(1+0j) [Z0 Z3 Z4 Z7]",
            "(1+0j) [Z1 Z3 Z5 Z7]",
            "(1+0j) [Z2 Z3 Z6 Z7]",
            "(1+0j) [Z1]",
            "(1+0j) [Z0]",
            "(1+0j) [Z7]",
            "(1+0j) [Z6]",
            "(1+0j) [Z4]"
          ],
          "symmetries_after_clifford": [
            "1.0 [Z0]",
            "1.0 [Z1]",
            "1.0 [Z2]",
            "1.0 [Z3]",
            "1.0 [Z4]",
            "1.0 [Z5]",
            "1.0 [Z6]",
            "1.0 [Z7]"
          ],
          "original_symmetries_in_fiedler_order": [
            "(1+0j) [Z0 Z3 Z4 Z7]",
            "(1+0j) [Z1 Z3 Z5 Z7]",
            "(1+0j) [Z2 Z3 Z6 Z7]",
            "(1+0j) [Z4]",
            "(1+0j) [Z0]",
            "(1+0j) [Z7]",
            "(1+0j) [Z1]",
            "(1+0j) [Z6]"
          ],
          "transformed_symmetries_after_fiedler": [
            "1.0 [Z0]",
            "1.0 [Z1]",
            "1.0 [Z2]",
            "1.0 [Z6]",
            "1.0 [Z4]",
            "1.0 [Z5]",
            "1.0 [Z7]",
            "1.0 [Z3]"
          ],
          "fiedler_ordering": [
            0,
            1,
            2,
            7,
            4,
            5,
            3,
            6
          ],
          "fiedler_info": {
            "ordering": [
              0,
              1,
              2,
              7,
              4,
              5,
              3,
              6
            ],
            "old_to_new": [
              0,
              1,
              2,
              6,
              4,
              5,
              7,
              3
            ],
            "reverse_ordering": [
              6,
              3,
              5,
              4,
              7,
              2,
              1,
              0
            ],
            "components": [
              {
                "nodes": [
                  0
                ],
                "ordering": [
                  0
                ],
                "reverse_ordering": [
                  0
                ],
                "old_to_new_component": {
                  "0": 0
                },
                "fiedler_vector": [
                  0.0
                ],
                "fiedler_coordinates": {
                  "0": 0.0
                },
                "laplacian_eigenvalues": [
                  0.0
                ],
                "fiedler_eigenvalue": 0.0,
                "degrees": {
                  "0": 0.0
                },
                "total_weight": 0.0,
                "is_singleton": true,
                "is_nearly_degenerate": false
              },
              {
                "nodes": [
                  1
                ],
                "ordering": [
                  1
                ],
                "reverse_ordering": [
                  1
                ],
                "old_to_new_component": {
                  "1": 0
                },
                "fiedler_vector": [
                  0.0
                ],
                "fiedler_coordinates": {
                  "1": 0.0
                },
                "laplacian_eigenvalues": [
                  0.0
                ],
                "fiedler_eigenvalue": 0.0,
                "degrees": {
                  "1": 0.0
                },
                "total_weight": 0.0,
                "is_singleton": true,
                "is_nearly_degenerate": false
              },
              {
                "nodes": [
                  2
                ],
                "ordering": [
                  2
                ],
                "reverse_ordering": [
                  2
                ],
                "old_to_new_component": {
                  "2": 0
                },
                "fiedler_vector": [
                  0.0
                ],
                "fiedler_coordinates": {
                  "2": 0.0
                },
                "laplacian_eigenvalues": [
                  0.0
                ],
                "fiedler_eigenvalue": 0.0,
                "degrees": {
                  "2": 0.0
                },
                "total_weight": 0.0,
                "is_singleton": true,
                "is_nearly_degenerate": false
              },
              {
                "nodes": [
                  3,
                  4,
                  5,
                  6,
                  7
                ],
                "ordering": [
                  7,
                  4,
                  5,
                  3,
                  6
                ],
                "reverse_ordering": [
                  6,
                  3,
                  5,
                  4,
                  7
                ],
                "old_to_new_component": {
                  "7": 0,
                  "4": 1,
                  "5": 2,
                  "3": 3,
                  "6": 4
                },
                "fiedler_vector": [
                  0.3503232187094107,
                  -0.2686631634577252,
                  -0.1300333014978094,
                  0.6514884253121485,
                  -0.6031151790660246
                ],
                "fiedler_coordinates": {
                  "3": 0.3503232187094107,
                  "4": -0.2686631634577252,
                  "5": -0.1300333014978094,
                  "6": 0.6514884253121485,
                  "7": -0.6031151790660246
                },
                "laplacian_eigenvalues": [
                  2.498001805406602e-16,
                  0.07278085277588409,
                  0.10725420266272707,
                  0.13102660706030816,
                  0.14189164272289367
                ],
                "fiedler_eigenvalue": 0.07278085277588409,
                "degrees": {
                  "3": 0.10358202627766343,
                  "4": 0.10025660887734043,
                  "5": 0.08577475180045858,
                  "6": 0.08322340404436716,
                  "7": 0.08011651422198329
                },
                "total_weight": 0.22647665261090644,
                "is_singleton": false,
                "is_nearly_degenerate": false
              }
            ],
            "nodes": [
              0,
              1,
              2,
              3,
              4,
              5,
              6,
              7
            ],
            "weight_matrix": [
              [
                0.0,
                0.0,
                0.0,
                0.0,
                0.0,
                0.0,
                0.0,
                0.0
              ],
              [
                0.0,
                0.0,
                0.0,
                0.0,
                0.0,
                0.0,
                0.0,
                0.0
              ],
              [
                0.0,
                0.0,
                0.0,
                0.0,
                0.0,
                0.0,
                0.0,
                0.0
              ],
              [
                0.0,
                0.0,
                0.0,
                0.0,
                0.020748850538847882,
                0.02044246004069797,
                0.04515514390960487,
                0.017235571788512705
              ],
              [
                0.0,
                0.0,
                0.0,
                0.020748850538847882,
                0.0,
                0.025588374122166982,
                0.016894907763660788,
                0.03702447645266478
              ],
              [
                0.0,
                0.0,
                0.0,
                0.02044246004069797,
                0.025588374122166982,
                0.0,
                0.017530402013944665,
                0.02221351562364897
              ],
              [
                0.0,
                0.0,
                0.0,
                0.04515514390960487,
                0.016894907763660788,
                0.017530402013944665,
                0.0,
                0.003642950357156838
              ],
              [
                0.0,
                0.0,
                0.0,
                0.017235571788512705,
                0.03702447645266478,
                0.02221351562364897,
                0.003642950357156838,
                0.0
              ]
            ],
            "weight_matrix_subspace": [
              [
                0.0,
                0.0,
                0.0,
                0.0,
                0.0,
                0.0,
                0.0,
                0.0
              ],
              [
                0.0,
                0.0,
                0.0,
                0.0,
                0.0,
                0.0,
                0.0,
                0.0
              ],
              [
                0.0,
                0.0,
                0.0,
                0.0,
                0.0,
                0.0,
                0.0,
                0.0
              ],
              [
                0.0,
                0.0,
                0.0,
                0.0,
                0.020748850538847882,
                0.02044246004069797,
                0.04515514390960487,
                0.017235571788512705
              ],
              [
                0.0,
                0.0,
                0.0,
                0.020748850538847882,
                0.0,
                0.025588374122166982,
                0.016894907763660788,
                0.03702447645266478
              ],
              [
                0.0,
                0.0,
                0.0,
                0.02044246004069797,
                0.025588374122166982,
                0.0,
                0.017530402013944665,
                0.02221351562364897
              ],
              [
                0.0,
                0.0,
                0.0,
                0.04515514390960487,
                0.016894907763660788,
                0.017530402013944665,
                0.0,
                0.003642950357156838
              ],
              [
                0.0,
                0.0,
                0.0,
                0.017235571788512705,
                0.03702447645266478,
                0.02221351562364897,
                0.003642950357156838,
                0.0
              ]
            ],
            "edge_tol": 1e-12,
            "tie_break": "index",
            "component_order": "index",
            "mutual_information": [
              [
                0.0,
                0.0,
                0.0,
                0.0,
                0.0,
                0.0,
                0.0,
                0.0
              ],
              [
                0.0,
                0.0,
                0.0,
                0.0,
                0.0,
                0.0,
                0.0,
                0.0
              ],
              [
                0.0,
                0.0,
                0.0,
                0.0,
                0.0,
                0.0,
                0.0,
                0.0
              ],
              [
                0.0,
                0.0,
                0.0,
                0.0,
                0.020748850538847882,
                0.02044246004069797,
                0.04515514390960487,
                0.017235571788512705
              ],
              [
                0.0,
                0.0,
                0.0,
                0.020748850538847882,
                0.0,
                0.025588374122166982,
                0.016894907763660788,
                0.03702447645266478
              ],
              [
                0.0,
                0.0,
                0.0,
                0.02044246004069797,
                0.025588374122166982,
                0.0,
                0.017530402013944665,
                0.02221351562364897
              ],
              [
                0.0,
                0.0,
                0.0,
                0.04515514390960487,
                0.016894907763660788,
                0.017530402013944665,
                0.0,
                0.003642950357156838
              ],
              [
                0.0,
                0.0,
                0.0,
                0.017235571788512705,
                0.03702447645266478,
                0.02221351562364897,
                0.003642950357156838,
                0.0
              ]
            ],
            "one_qubit_entropies": [
              -0.0,
              -0.0,
              -0.0,
              0.06078930351431682,
              0.060965518257665906,
              0.05116839132755252,
              0.051168391327552534,
              0.056193849415109506
            ],
            "two_qubit_entropies": [
              [
                0.0,
                -0.0,
                -0.0,
                0.06078930351431682,
                0.060965518257665906,
                0.05116839132755252,
                0.051168391327552534,
                0.056193849415109506
              ],
              [
                -0.0,
                0.0,
                -0.0,
                0.06078930351431682,
                0.060965518257665906,
                0.05116839132755252,
                0.051168391327552534,
                0.056193849415109506
              ],
              [
                -0.0,
                -0.0,
                0.0,
                0.06078930351431682,
                0.060965518257665906,
                0.05116839132755252,
                0.051168391327552534,
                0.056193849415109506
              ],
              [
                0.06078930351431682,
                0.06078930351431682,
                0.06078930351431682,
                0.0,
                0.10100597123313484,
                0.09151523480117138,
                0.06680255093226448,
                0.09974758114091362
              ],
              [
                0.060965518257665906,
                0.060965518257665906,
                0.060965518257665906,
                0.10100597123313484,
                0.0,
                0.08654553546305145,
                0.09523900182155765,
                0.08013489122011062
              ],
              [
                0.05116839132755252,
                0.05116839132755252,
                0.05116839132755252,
                0.09151523480117138,
                0.08654553546305145,
                0.0,
                0.08480638064116039,
                0.08514872511901306
              ],
              [
                0.051168391327552534,
                0.051168391327552534,
                0.051168391327552534,
                0.06680255093226448,
                0.09523900182155765,
                0.08480638064116039,
                0.0,
                0.1037192903855052
              ],
              [
                0.056193849415109506,
                0.056193849415109506,
                0.056193849415109506,
                0.09974758114091362,
                0.08013489122011062,
                0.08514872511901306,
                0.1037192903855052,
                0.0
              ]
            ],
            "n_qubits": 8,
            "mutual_info_convention": "standard",
            "entropy_base": 2.718281828459045
          },
          "fci_entanglement_after_clifford": [
            0.0,
            0.0,
            0.0,
            0.06351338441831435,
            0.10507079736888414,
            0.10868068763601683,
            0.05795004016717152
          ],
          "cisd_entanglement_after_clifford": [
            0.0,
            0.0,
            0.0,
            0.06078930351431671,
            0.10100597123313548,
            0.10371929038550534,
            0.05619384941510942
          ],
          "fci_entanglement_after_fiedler": [
            4.440892098500623e-16,
            4.440892098500623e-16,
            4.440892098500623e-16,
            0.05795004016717239,
            0.08379612793135106,
            0.0694966040713081,
            0.05373122290507929
          ],
          "cisd_entanglement_after_fiedler": [
            0.0,
            0.0,
            0.0,
            0.05619384941510989,
            0.08013489122011061,
            0.06680255093226474,
            0.05116839132755266
          ],
          "non_commuting_l1": 12.111791026690684,
          "num_commuting_terms": 36
        }
      }
    },
    "H4chain_corr": {
      "n_qubits": 8,
      "fci_energy": -1.8977806459898654,
      "cisd_energy": -1.85463697848473,
      "objectives": {
        "commuting_weight": {
          "system": "H4chain_corr",
          "objective": "commuting_weight",
          "dataset_tag": "BS N commuting_weight",
          "n_qubits": 8,
          "fiedler_reference": "cisd",
          "dmrg_bd_before_fiedler": 3,
          "dmrg_bd_after_fiedler": 4,
          "dmrg_energy_after_fiedler": {
            "real": -1.8977806459898376,
            "imag": -1.402888464045636e-16
          },
          "transform_seconds": 0.03721862501697615,
          "fiedler_seconds": 0.002144416968803853,
          "dmrg_seconds": 1.243917915970087,
          "original_symmetries": [
            "(1+0j) [Z0 Z3 Z4 Z7]",
            "(1+0j) [Z1 Z3 Z5 Z7]",
            "(1+0j) [Z2 Z3 Z6 Z7]",
            "(1+0j) [Z0 Z3 Z5 Z6]",
            "(1+0j) [Z1]",
            "(1+0j) [Z0]",
            "(1+0j) [Z0 Z1 Z4 Z7]",
            "(1+0j) [Z7]"
          ],
          "symmetries_after_clifford": [
            "1.0 [Z0]",
            "1.0 [Z1]",
            "1.0 [Z2]",
            "1.0 [Z3]",
            "1.0 [Z4]",
            "1.0 [Z5]",
            "1.0 [Z6]",
            "1.0 [Z7]"
          ],
          "original_symmetries_in_fiedler_order": [
            "(1+0j) [Z0 Z3 Z4 Z7]",
            "(1+0j) [Z1 Z3 Z5 Z7]",
            "(1+0j) [Z2 Z3 Z6 Z7]",
            "(1+0j) [Z7]",
            "(1+0j) [Z1]",
            "(1+0j) [Z0 Z1 Z4 Z7]",
            "(1+0j) [Z0]",
            "(1+0j) [Z0 Z3 Z5 Z6]"
          ],
          "transformed_symmetries_after_fiedler": [
            "1.0 [Z0]",
            "1.0 [Z1]",
            "1.0 [Z2]",
            "1.0 [Z7]",
            "1.0 [Z4]",
            "1.0 [Z6]",
            "1.0 [Z5]",
            "1.0 [Z3]"
          ],
          "fiedler_ordering": [
            0,
            1,
            2,
            7,
            4,
            6,
            5,
            3
          ],
          "fiedler_info": {
            "ordering": [
              0,
              1,
              2,
              7,
              4,
              6,
              5,
              3
            ],
            "old_to_new": [
              0,
              1,
              2,
              7,
              4,
              6,
              5,
              3
            ],
            "reverse_ordering": [
              3,
              5,
              6,
              4,
              7,
              2,
              1,
              0
            ],
            "components": [
              {
                "nodes": [
                  0
                ],
                "ordering": [
                  0
                ],
                "reverse_ordering": [
                  0
                ],
                "old_to_new_component": {
                  "0": 0
                },
                "fiedler_vector": [
                  0.0
                ],
                "fiedler_coordinates": {
                  "0": 0.0
                },
                "laplacian_eigenvalues": [
                  0.0
                ],
                "fiedler_eigenvalue": 0.0,
                "degrees": {
                  "0": 0.0
                },
                "total_weight": 0.0,
                "is_singleton": true,
                "is_nearly_degenerate": false
              },
              {
                "nodes": [
                  1
                ],
                "ordering": [
                  1
                ],
                "reverse_ordering": [
                  1
                ],
                "old_to_new_component": {
                  "1": 0
                },
                "fiedler_vector": [
                  0.0
                ],
                "fiedler_coordinates": {
                  "1": 0.0
                },
                "laplacian_eigenvalues": [
                  0.0
                ],
                "fiedler_eigenvalue": 0.0,
                "degrees": {
                  "1": 0.0
                },
                "total_weight": 0.0,
                "is_singleton": true,
                "is_nearly_degenerate": false
              },
              {
                "nodes": [
                  2
                ],
                "ordering": [
                  2
                ],
                "reverse_ordering": [
                  2
                ],
                "old_to_new_component": {
                  "2": 0
                },
                "fiedler_vector": [
                  0.0
                ],
                "fiedler_coordinates": {
                  "2": 0.0
                },
                "laplacian_eigenvalues": [
                  0.0
                ],
                "fiedler_eigenvalue": 0.0,
                "degrees": {
                  "2": 0.0
                },
                "total_weight": 0.0,
                "is_singleton": true,
                "is_nearly_degenerate": false
              },
              {
                "nodes": [
                  3,
