{
  "input_datasets": "/scratch/jpraveen/work_1907657/QuasiSymmetries/saved/results/JUL09/state_agnostic_bs_benchmark_datasets",
  "fiedler_reference": "cisd",
  "synthesis_basis": "Z",
  "generator_mapping": "positive_z",
  "systems": {
    "H4chain_eqm": {
      "n_qubits": 8,
      "fci_energy": -2.1803166143238575,
      "cisd_energy": -2.1795507519996784,
      "objectives": {
        "commuting_weight": {
          "system": "H4chain_eqm",
          "objective": "commuting_weight",
          "dataset_tag": "BS N commuting_weight",
          "n_qubits": 8,
          "fiedler_reference": "cisd",
          "dmrg_bd_before_fiedler": 3,
          "dmrg_bd_after_fiedler": 3,
          "dmrg_energy_after_fiedler": {
            "real": -2.1802163490468844,
            "imag": -8.465450562766819e-16
          },
          "transform_seconds": 0.09268785698805004,
          "fiedler_seconds": 0.01772336510475725,
          "dmrg_seconds": 5.065203872974962,
          "original_symmetries": [
            "(1+0j) [Z0 Z3 Z4 Z7]",
            "(1+0j) [Z1 Z3 Z5 Z7]",
            "(1+0j) [Z2 Z3 Z6 Z7]",
            "(1+0j) [Z1]",
            "(1+0j) [Z0]",
            "(1+0j) [Z0 Z5]",
            "(1+0j) [Z4 Z6]",
            "(1+0j) [Z0 Z3 Z5 Z6]"
          ],
          "symmetries_after_clifford": [
            "1.0 [Z0]",
            "1.0 [Z1]",
            "1.0 [Z2]",
            "1.0 [Z3]",
            "1.0 [Z4]",
            "1.0 [Z5]",
            "1.0 [Z6]",
            "1.0 [Z7]"
          ],
          "original_symmetries_in_fiedler_order": [
            "(1+0j) [Z0 Z3 Z4 Z7]",
            "(1+0j) [Z1 Z3 Z5 Z7]",
            "(1+0j) [Z2 Z3 Z6 Z7]",
            "(1+0j) [Z1]",
            "(1+0j) [Z0]",
            "(1+0j) [Z4 Z6]",
            "(1+0j) [Z0 Z5]",
            "(1+0j) [Z0 Z3 Z5 Z6]"
          ],
          "transformed_symmetries_after_fiedler": [
            "1.0 [Z0]",
            "1.0 [Z1]",
            "1.0 [Z2]",
            "1.0 [Z3]",
            "1.0 [Z4]",
            "1.0 [Z6]",
            "1.0 [Z5]",
            "1.0 [Z7]"
          ],
          "fiedler_ordering": [
            0,
            1,
            2,
            3,
            4,
            6,
            5,
            7
          ],
          "fiedler_info": {
            "ordering": [
              0,
              1,
              2,
              3,
              4,
              6,
              5,
              7
            ],
            "old_to_new": [
              0,
              1,
              2,
              3,
              4,
              6,
              5,
              7
            ],
            "reverse_ordering": [
              7,
              5,
              6,
              4,
              3,
              2,
              1,
              0
            ],
            "components": [
              {
                "nodes": [
                  0
                ],
                "ordering": [
                  0
                ],
                "reverse_ordering": [
                  0
                ],
                "old_to_new_component": {
                  "0": 0
                },
                "fiedler_vector": [
                  0.0
                ],
                "fiedler_coordinates": {
                  "0": 0.0
                },
                "laplacian_eigenvalues": [
                  0.0
                ],
                "fiedler_eigenvalue": 0.0,
                "degrees": {
                  "0": 0.0
                },
                "total_weight": 0.0,
                "is_singleton": true,
                "is_nearly_degenerate": false
              },
              {
                "nodes": [
                  1
                ],
                "ordering": [
                  1
                ],
                "reverse_ordering": [
                  1
                ],
                "old_to_new_component": {
                  "1": 0
                },
                "fiedler_vector": [
                  0.0
                ],
                "fiedler_coordinates": {
                  "1": 0.0
                },
                "laplacian_eigenvalues": [
                  0.0
                ],
                "fiedler_eigenvalue": 0.0,
                "degrees": {
                  "1": 0.0
                },
                "total_weight": 0.0,
                "is_singleton": true,
                "is_nearly_degenerate": false
              },
              {
                "nodes": [
                  2
                ],
                "ordering": [
                  2
                ],
                "reverse_ordering": [
                  2
                ],
                "old_to_new_component": {
                  "2": 0
                },
                "fiedler_vector": [
                  0.0
                ],
                "fiedler_coordinates": {
                  "2": 0.0
                },
                "laplacian_eigenvalues": [
                  0.0
                ],
                "fiedler_eigenvalue": 0.0,
                "degrees": {
                  "2": 0.0
                },
                "total_weight": 0.0,
                "is_singleton": true,
                "is_nearly_degenerate": false
              },
              {
                "nodes": [
                  3,
                  4,
                  5,
                  6,
                  7
                ],
                "ordering": [
                  3,
                  4,
                  6,
                  5,
                  7
                ],
                "reverse_ordering": [
                  7,
                  5,
                  6,
                  4,
                  3
                ],
                "old_to_new_component": {
                  "3": 0,
                  "4": 1,
                  "6": 2,
                  "5": 3,
                  "7": 4
                },
                "fiedler_vector": [
                  -0.2241587111850372,
                  -0.22401962751682758,
                  -0.22301115715255265,
                  -0.2232372629669236,
                  0.8944267588213141
                ],
                "fiedler_coordinates": {
                  "3": -0.2241587111850372,
                  "4": -0.22401962751682758,
                  "5": -0.22301115715255265,
                  "6": -0.2232372629669236,
                  "7": 0.8944267588213141
                },
                "laplacian_eigenvalues": [
                  3.607797371103378e-17,
                  0.001602422685165418,
                  0.12822170975295089,
                  0.15676775240161578,
                  0.5501751822171053
                ],
                "fiedler_eigenvalue": 0.001602422685165418,
                "degrees": {
                  "3": 0.10342423415638084,
                  "4": 0.10374784658606998,
                  "5": 0.30057628254727164,
                  "6": 0.3277366419324046,
                  "7": 0.0012820618347113635
                },
                "total_weight": 0.4183835335284192,
                "is_singleton": false,
                "is_nearly_degenerate": false
              }
            ],
            "nodes": [
              0,
              1,
              2,
              3,
              4,
              5,
              6,
              7
            ],
            "weight_matrix": [
              [
                0.0,
                0.0,
                0.0,
                0.0,
                0.0,
                0.0,
                0.0,
                0.0
              ],
              [
                0.0,
                0.0,
                0.0,
                0.0,
                0.0,
                0.0,
                0.0,
                0.0
              ],
              [
                0.0,
                0.0,
                0.0,
                0.0,
                0.0,
                0.0,
                0.0,
                0.0
              ],
              [
                0.0,
                0.0,
                0.0,
                0.0,
                0.024637359825741847,
                0.03253516094212314,
                0.046004934454864366,
                0.0002467789336514925
              ],
              [
                0.0,
                0.0,
                0.0,
                0.024637359825741847,
                0.0,
                0.032535160942123026,
                0.04631303665769482,
                0.00026228916051027756
              ],
              [
                0.0,
                0.0,
                0.0,
                0.03253516094212314,
                0.032535160942123026,
                0.0,
                0.23507581887116066,
                0.00043014179186484647
              ],
              [
                0.0,
                0.0,
                0.0,
                0.046004934454864366,
                0.04631303665769482,
                0.23507581887116066,
                0.0,
                0.000342851948684747
              ],
              [
                0.0,
                0.0,
                0.0,
                0.0002467789336514925,
                0.00026228916051027756,
                0.00043014179186484647,
                0.000342851948684747,
                0.0
              ]
            ],
            "weight_matrix_subspace": [
              [
                0.0,
                0.0,
                0.0,
                0.0,
                0.0,
                0.0,
                0.0,
                0.0
              ],
              [
                0.0,
                0.0,
                0.0,
                0.0,
                0.0,
                0.0,
                0.0,
                0.0
              ],
              [
                0.0,
                0.0,
                0.0,
                0.0,
                0.0,
                0.0,
                0.0,
                0.0
              ],
              [
                0.0,
                0.0,
                0.0,
                0.0,
                0.024637359825741847,
                0.03253516094212314,
                0.046004934454864366,
                0.0002467789336514925
              ],
              [
                0.0,
                0.0,
                0.0,
                0.024637359825741847,
                0.0,
                0.032535160942123026,
                0.04631303665769482,
                0.00026228916051027756
              ],
              [
                0.0,
                0.0,
                0.0,
                0.03253516094212314,
                0.032535160942123026,
                0.0,
                0.23507581887116066,
                0.00043014179186484647
              ],
              [
                0.0,
                0.0,
                0.0,
                0.046004934454864366,
                0.04631303665769482,
                0.23507581887116066,
                0.0,
                0.000342851948684747
              ],
              [
                0.0,
                0.0,
                0.0,
                0.0002467789336514925,
                0.00026228916051027756,
                0.00043014179186484647,
                0.000342851948684747,
                0.0
              ]
            ],
            "edge_tol": 1e-12,
            "tie_break": "index",
            "component_order": "index",
            "mutual_information": [
              [
                0.0,
                2.220446049250313e-16,
                2.220446049250313e-16,
                1.0408340855860843e-16,
                2.1510571102112408e-16,
                8.326672684688674e-17,
                0.0,
                0.0
              ],
              [
                2.220446049250313e-16,
                0.0,
                2.220446049250313e-16,
                1.0408340855860843e-16,
                2.1510571102112408e-16,
                8.326672684688674e-17,
                0.0,
                0.0
              ],
              [
                2.220446049250313e-16,
                2.220446049250313e-16,
                0.0,
                1.0408340855860843e-16,
                2.1510571102112408e-16,
                8.326672684688674e-17,
                0.0,
                0.0
              ],
              [
                1.0408340855860843e-16,
                1.0408340855860843e-16,
                1.0408340855860843e-16,
                0.0,
                0.024637359825741847,
                0.03253516094212314,
                0.046004934454864366,
                0.0002467789336514925
              ],
              [
                2.1510571102112408e-16,
                2.1510571102112408e-16,
                2.1510571102112408e-16,
                0.024637359825741847,
                0.0,
                0.032535160942123026,
                0.04631303665769482,
                0.00026228916051027756
              ],
              [
                8.326672684688674e-17,
                8.326672684688674e-17,
                8.326672684688674e-17,
                0.03253516094212314,
                0.032535160942123026,
                0.0,
                0.23507581887116066,
                0.00043014179186484647
              ],
              [
                0.0,
                0.0,
                0.0,
                0.046004934454864366,
                0.04631303665769482,
                0.23507581887116066,
                0.0,
                0.000342851948684747
              ],
              [
                0.0,
                0.0,
                0.0,
                0.0002467789336514925,
                0.00026228916051027756,
                0.00043014179186484647,
                0.000342851948684747,
                0.0
              ]
            ],
            "one_qubit_entropies": [
              -0.0,
              -0.0,
              -0.0,
              0.06056190846410211,
              0.06056190846410222,
              0.15905406657184673,
              0.17258513036706707,
              0.001054361616236972
            ],
            "two_qubit_entropies": [
              [
                0.0,
                -2.220446049250313e-16,
                -2.220446049250313e-16,
                0.060561908464102004,
                0.060561908464102004,
                0.15905406657184665,
                0.17258513036706707,
                0.001054361616236972
              ],
              [
                -2.220446049250313e-16,
                0.0,
                -2.220446049250313e-16,
                0.060561908464102004,
                0.060561908464102004,
                0.15905406657184665,
                0.17258513036706707,
                0.001054361616236972
              ],
              [
                -2.220446049250313e-16,
                -2.220446049250313e-16,
                0.0,
                0.060561908464102004,
                0.060561908464102004,
                0.15905406657184665,
                0.17258513036706707,
                0.001054361616236972
              ],
              [
                0.060561908464102004,
                0.060561908464102004,
                0.060561908464102004,
                0.0,
                0.09648645710246248,
                0.1870808140938257,
                0.18714210437630482,
                0.06136949114668759
              ],
              [
                0.060561908464102004,
                0.060561908464102004,
                0.060561908464102004,
                0.09648645710246248,
                0.0,
                0.18708081409382593,
                0.18683400217347448,
                0.06135398091982892
              ],
              [
                0.15905406657184665,
                0.15905406657184665,
                0.15905406657184665,
                0.1870808140938257,
                0.18708081409382593,
                0.0,
                0.09656337806775314,
                0.15967828639621887
              ],
              [
                0.17258513036706707,
                0.17258513036706707,
                0.17258513036706707,
                0.18714210437630482,
                0.18683400217347448,
                0.09656337806775314,
                0.0,
                0.1732966400346193
              ],
              [
                0.001054361616236972,
                0.001054361616236972,
                0.001054361616236972,
                0.06136949114668759,
                0.06135398091982892,
                0.15967828639621887,
                0.1732966400346193,
                0.0
              ]
            ],
            "n_qubits": 8,
            "mutual_info_convention": "standard",
            "entropy_base": 2.718281828459045
          },
          "fci_entanglement_after_clifford": [
            0.0,
            0.0,
            2.2204460492503123e-16,
            0.06325940058797114,
            0.09806993627884268,
            0.176021347064527,
            0.0011422443798286635
          ],
          "cisd_entanglement_after_clifford": [
            0.0,
            0.0,
            0.0,
            0.06056190846410283,
            0.09648645710246236,
            0.17329664003461878,
            0.00105436161623721
          ],
          "fci_entanglement_after_fiedler": [
            0.0,
            0.0,
            0.0,
            0.06325940058797114,
            0.0980699362788425,
            0.1622167038398624,
            0.001142244379828886
          ],
          "cisd_entanglement_after_fiedler": [
            0.0,
            0.0,
            0.0,
            0.06056190846410284,
            0.09648645710246237,
            0.1596376490960644,
            0.00105436161623721
          ],
          "non_commuting_l1": 13.437821661663278,
          "num_commuting_terms": 36
        },
        "summed_single_commuting_weight": {
          "system": "H4chain_eqm",
          "objective": "summed_single_commuting_weight",
          "dataset_tag": "BS N summed_single_commuting_weight",
          "n_qubits": 8,
          "fiedler_reference": "cisd",
          "dmrg_bd_before_fiedler": 4,
          "dmrg_bd_after_fiedler": 4,
          "dmrg_energy_after_fiedler": {
            "real": -2.180316614323849,
            "imag": 1.5152369072506478e-16
          },
          "transform_seconds": 0.03859221609309316,
          "fiedler_seconds": 0.0023070279275998473,
          "dmrg_seconds": 1.9259444170165807,
          "original_symmetries": [
            "(1+0j) [Z0 Z3 Z4 Z7]",
            "(1+0j) [Z1 Z3 Z5 Z7]",
            "(1+0j) [Z2 Z3 Z6 Z7]",
            "(1+0j) [Z1]",
            "(1+0j) [Z0]",
            "(1+0j) [Z7]",
            "(1+0j) [Z6]",
            "(1+0j) [Z4]"
          ],
          "symmetries_after_clifford": [
            "1.0 [Z0]",
            "1.0 [Z1]",
            "1.0 [Z2]",
            "1.0 [Z3]",
            "1.0 [Z4]",
            "1.0 [Z5]",
            "1.0 [Z6]",
            "1.0 [Z7]"
          ],
          "original_symmetries_in_fiedler_order": [
            "(1+0j) [Z0 Z3 Z4 Z7]",
            "(1+0j) [Z1 Z3 Z5 Z7]",
            "(1+0j) [Z2 Z3 Z6 Z7]",
            "(1+0j) [Z4]",
            "(1+0j) [Z0]",
            "(1+0j) [Z7]",
            "(1+0j) [Z1]",
            "(1+0j) [Z6]"
          ],
          "transformed_symmetries_after_fiedler": [
            "1.0 [Z0]",
            "1.0 [Z1]",
            "1.0 [Z2]",
            "1.0 [Z6]",
            "1.0 [Z4]",
            "1.0 [Z5]",
            "1.0 [Z7]",
            "1.0 [Z3]"
          ],
          "fiedler_ordering": [
            0,
            1,
            2,
            7,
            4,
            5,
            3,
            6
          ],
          "fiedler_info": {
            "ordering": [
              0,
              1,
              2,
              7,
              4,
              5,
              3,
              6
            ],
            "old_to_new": [
              0,
              1,
              2,
              6,
              4,
              5,
              7,
              3
            ],
            "reverse_ordering": [
              6,
              3,
              5,
              4,
              7,
              2,
              1,
              0
            ],
            "components": [
              {
                "nodes": [
                  0
                ],
                "ordering": [
                  0
                ],
                "reverse_ordering": [
                  0
                ],
                "old_to_new_component": {
                  "0": 0
                },
                "fiedler_vector": [
                  0.0
                ],
                "fiedler_coordinates": {
                  "0": 0.0
                },
                "laplacian_eigenvalues": [
                  0.0
                ],
                "fiedler_eigenvalue": 0.0,
                "degrees": {
                  "0": 0.0
                },
                "total_weight": 0.0,
                "is_singleton": true,
                "is_nearly_degenerate": false
              },
              {
                "nodes": [
                  1
                ],
                "ordering": [
                  1
                ],
                "reverse_ordering": [
                  1
                ],
                "old_to_new_component": {
                  "1": 0
                },
                "fiedler_vector": [
                  0.0
                ],
                "fiedler_coordinates": {
                  "1": 0.0
                },
                "laplacian_eigenvalues": [
                  0.0
                ],
                "fiedler_eigenvalue": 0.0,
                "degrees": {
                  "1": 0.0
                },
                "total_weight": 0.0,
                "is_singleton": true,
                "is_nearly_degenerate": false
              },
              {
                "nodes": [
                  2
                ],
                "ordering": [
                  2
                ],
                "reverse_ordering": [
                  2
                ],
                "old_to_new_component": {
                  "2": 0
                },
                "fiedler_vector": [
                  0.0
                ],
                "fiedler_coordinates": {
                  "2": 0.0
                },
                "laplacian_eigenvalues": [
                  0.0
                ],
                "fiedler_eigenvalue": 0.0,
                "degrees": {
                  "2": 0.0
                },
                "total_weight": 0.0,
                "is_singleton": true,
                "is_nearly_degenerate": false
              },
              {
                "nodes": [
                  3,
                  4,
                  5,
                  6,
                  7
                ],
                "ordering": [
                  7,
                  4,
                  5,
                  3,
                  6
                ],
                "reverse_ordering": [
                  6,
                  3,
                  5,
                  4,
                  7
                ],
                "old_to_new_component": {
                  "7": 0,
                  "4": 1,
                  "5": 2,
                  "3": 3,
                  "6": 4
                },
                "fiedler_vector": [
                  0.3503232187094293,
                  -0.26866316345771074,
                  -0.13003330149782819,
                  0.6514884253121376,
                  -0.6031151790660276
                ],
                "fiedler_coordinates": {
                  "3": 0.3503232187094293,
                  "4": -0.26866316345771074,
                  "5": -0.13003330149782819,
                  "6": 0.6514884253121376,
                  "7": -0.6031151790660276
                },
                "laplacian_eigenvalues": [
                  2.498001805406602e-16,
                  0.07278085277588446,
                  0.10725420266272545,
                  0.13102660706030872,
                  0.14189164272289304
                ],
                "fiedler_eigenvalue": 0.07278085277588446,
                "degrees": {
                  "3": 0.10358202627766167,
                  "4": 0.1002566088773413,
                  "5": 0.08577475180045707,
                  "6": 0.08322340404436841,
                  "7": 0.08011651422198313
                },
                "total_weight": 0.22647665261090577,
                "is_singleton": false,
                "is_nearly_degenerate": false
              }
            ],
            "nodes": [
              0,
              1,
              2,
              3,
              4,
              5,
              6,
              7
            ],
            "weight_matrix": [
              [
                0.0,
                0.0,
                0.0,
                0.0,
                0.0,
                0.0,
                0.0,
                0.0
              ],
              [
                0.0,
                0.0,
                0.0,
                0.0,
                0.0,
                0.0,
                0.0,
                0.0
              ],
              [
                0.0,
                0.0,
                0.0,
                0.0,
                0.0,
                0.0,
                0.0,
                0.0
              ],
              [
                0.0,
                0.0,
                0.0,
                0.0,
                0.020748850538847702,
                0.02044246004069654,
                0.04515514390960497,
                0.017235571788512455
              ],
              [
                0.0,
                0.0,
                0.0,
                0.020748850538847702,
                0.0,
                0.025588374122166857,
                0.0168949077636619,
                0.03702447645266484
              ],
              [
                0.0,
                0.0,
                0.0,
                0.02044246004069654,
                0.025588374122166857,
                0.0,
                0.017530402013944693,
                0.022213515623648983
              ],
              [
                0.0,
                0.0,
                0.0,
                0.04515514390960497,
                0.0168949077636619,
                0.017530402013944693,
                0.0,
                0.0036429503571568517
              ],
              [
                0.0,
                0.0,
                0.0,
                0.017235571788512455,
                0.03702447645266484,
                0.022213515623648983,
                0.0036429503571568517,
                0.0
              ]
            ],
            "weight_matrix_subspace": [
              [
                0.0,
                0.0,
                0.0,
                0.0,
                0.0,
                0.0,
                0.0,
                0.0
              ],
              [
                0.0,
                0.0,
                0.0,
                0.0,
                0.0,
                0.0,
                0.0,
                0.0
              ],
              [
                0.0,
                0.0,
                0.0,
                0.0,
                0.0,
                0.0,
                0.0,
                0.0
              ],
              [
                0.0,
                0.0,
                0.0,
                0.0,
                0.020748850538847702,
                0.02044246004069654,
                0.04515514390960497,
                0.017235571788512455
              ],
              [
                0.0,
                0.0,
                0.0,
                0.020748850538847702,
                0.0,
                0.025588374122166857,
                0.0168949077636619,
                0.03702447645266484
              ],
              [
                0.0,
                0.0,
                0.0,
                0.02044246004069654,
                0.025588374122166857,
                0.0,
                0.017530402013944693,
                0.022213515623648983
              ],
              [
                0.0,
                0.0,
                0.0,
                0.04515514390960497,
                0.0168949077636619,
                0.017530402013944693,
                0.0,
                0.0036429503571568517
              ],
              [
                0.0,
                0.0,
                0.0,
                0.017235571788512455,
                0.03702447645266484,
                0.022213515623648983,
                0.0036429503571568517,
                0.0
              ]
            ],
            "edge_tol": 1e-12,
            "tie_break": "index",
            "component_order": "index",
            "mutual_information": [
              [
                0.0,
                0.0,
                0.0,
                0.0,
                0.0,
                0.0,
                0.0,
                0.0
              ],
              [
                0.0,
                0.0,
                0.0,
                0.0,
                0.0,
                0.0,
                0.0,
                0.0
              ],
              [
                0.0,
                0.0,
                0.0,
                0.0,
                0.0,
                0.0,
                0.0,
                0.0
              ],
              [
                0.0,
                0.0,
                0.0,
                0.0,
                0.020748850538847702,
                0.02044246004069654,
                0.04515514390960497,
                0.017235571788512455
              ],
              [
                0.0,
                0.0,
                0.0,
                0.020748850538847702,
                0.0,
                0.025588374122166857,
                0.0168949077636619,
                0.03702447645266484
              ],
              [
                0.0,
                0.0,
                0.0,
                0.02044246004069654,
                0.025588374122166857,
                0.0,
                0.017530402013944693,
                0.022213515623648983
              ],
              [
                0.0,
                0.0,
                0.0,
                0.04515514390960497,
                0.0168949077636619,
                0.017530402013944693,
                0.0,
                0.0036429503571568517
              ],
              [
                0.0,
                0.0,
                0.0,
                0.017235571788512455,
                0.03702447645266484,
                0.022213515623648983,
                0.0036429503571568517,
                0.0
              ]
            ],
            "one_qubit_entropies": [
              -0.0,
              -0.0,
              -0.0,
              0.06078930351431682,
              0.060965518257665906,
              0.05116839132755252,
              0.051168391327552534,
              0.0561938494151095
            ],
            "two_qubit_entropies": [
              [
                0.0,
                -0.0,
                -0.0,
                0.06078930351431682,
                0.060965518257665906,
                0.05116839132755252,
                0.051168391327552534,
                0.0561938494151095
              ],
              [
                -0.0,
                0.0,
                -0.0,
                0.06078930351431682,
                0.060965518257665906,
                0.05116839132755252,
                0.051168391327552534,
                0.0561938494151095
              ],
              [
                -0.0,
                -0.0,
                0.0,
                0.06078930351431682,
                0.060965518257665906,
                0.05116839132755252,
                0.051168391327552534,
                0.0561938494151095
              ],
              [
                0.06078930351431682,
                0.06078930351431682,
                0.06078930351431682,
                0.0,
                0.10100597123313503,
                0.09151523480117281,
                0.06680255093226438,
                0.09974758114091387
              ],
              [
                0.060965518257665906,
                0.060965518257665906,
                0.060965518257665906,
                0.10100597123313503,
                0.0,
                0.08654553546305158,
                0.09523900182155653,
                0.08013489122011057
              ],
              [
                0.05116839132755252,
                0.05116839132755252,
                0.05116839132755252,
                0.09151523480117281,
                0.08654553546305158,
                0.0,
                0.08480638064116036,
                0.08514872511901303
              ],
              [
                0.051168391327552534,
                0.051168391327552534,
                0.051168391327552534,
                0.06680255093226438,
                0.09523900182155653,
                0.08480638064116036,
                0.0,
                0.10371929038550519
              ],
              [
                0.0561938494151095,
                0.0561938494151095,
                0.0561938494151095,
                0.09974758114091387,
                0.08013489122011057,
                0.08514872511901303,
                0.10371929038550519,
                0.0
              ]
            ],
            "n_qubits": 8,
            "mutual_info_convention": "standard",
            "entropy_base": 2.718281828459045
          },
          "fci_entanglement_after_clifford": [
            0.0,
            0.0,
            0.0,
            0.06351338441831456,
            0.10507079736888414,
            0.1086806876360162,
            0.057950040167171736
          ],
          "cisd_entanglement_after_clifford": [
            0.0,
            0.0,
            0.0,
            0.06078930351431671,
            0.10100597123313527,
            0.10371929038550481,
            0.05619384941510945
          ],
          "fci_entanglement_after_fiedler": [
            0.0,
            0.0,
            0.0,
            0.057950040167171285,
            0.0837961279313515,
            0.06949660407130877,
            0.053731222905079305
          ],
          "cisd_entanglement_after_fiedler": [
            0.0,
            0.0,
            0.0,
            0.05619384941511009,
            0.0801348912201113,
            0.06680255093226434,
            0.05116839132755266
          ],
          "non_commuting_l1": 12.111791026690684,
          "num_commuting_terms": 36
        }
      }
    },
    "H4chain_corr": {
      "n_qubits": 8,
      "fci_energy": -1.8977806459898654,
      "cisd_energy": -1.85463697848473,
      "objectives": {
        "commuting_weight": {
          "system": "H4chain_corr",
          "objective": "commuting_weight",
          "dataset_tag": "BS N commuting_weight",
          "n_qubits": 8,
          "fiedler_reference": "cisd",
          "dmrg_bd_before_fiedler": 3,
          "dmrg_bd_after_fiedler": 4,
          "dmrg_energy_after_fiedler": {
            "real": -1.8977806459898268,
            "imag": -8.018095594662155e-17
          },
          "transform_seconds": 0.04346151102799922,
          "fiedler_seconds": 0.002269348013214767,
          "dmrg_seconds": 1.3160088489530608,
          "original_symmetries": [
            "(1+0j) [Z0 Z3 Z4 Z7]",
            "(1+0j) [Z1 Z3 Z5 Z7]",
            "(1+0j) [Z2 Z3 Z6 Z7]",
            "(1+0j) [Z0 Z3 Z5 Z6]",
            "(1+0j) [Z1]",
            "(1+0j) [Z0]",
            "(1+0j) [Z0 Z1 Z4 Z7]",
            "(1+0j) [Z7]"
          ],
          "symmetries_after_clifford": [
            "1.0 [Z0]",
            "1.0 [Z1]",
            "1.0 [Z2]",
            "1.0 [Z3]",
            "1.0 [Z4]",
            "1.0 [Z5]",
            "1.0 [Z6]",
            "1.0 [Z7]"
          ],
          "original_symmetries_in_fiedler_order": [
            "(1+0j) [Z0 Z3 Z4 Z7]",
            "(1+0j) [Z1 Z3 Z5 Z7]",
            "(1+0j) [Z2 Z3 Z6 Z7]",
            "(1+0j) [Z7]",
            "(1+0j) [Z1]",
            "(1+0j) [Z0 Z1 Z4 Z7]",
            "(1+0j) [Z0]",
            "(1+0j) [Z0 Z3 Z5 Z6]"
          ],
          "transformed_symmetries_after_fiedler": [
            "1.0 [Z0]",
            "1.0 [Z1]",
            "1.0 [Z2]",
            "1.0 [Z7]",
            "1.0 [Z4]",
            "1.0 [Z6]",
            "1.0 [Z5]",
            "1.0 [Z3]"
          ],
          "fiedler_ordering": [
            0,
            1,
            2,
            7,
            4,
            6,
            5,
            3
          ],
          "fiedler_info": {
            "ordering": [
              0,
              1,
              2,
              7,
              4,
              6,
              5,
              3
            ],
            "old_to_new": [
              0,
              1,
              2,
              7,
              4,
              6,
              5,
              3
            ],
            "reverse_ordering": [
              3,
              5,
              6,
              4,
              7,
              2,
              1,
              0
            ],
            "components": [
              {
                "nodes": [
                  0
                ],
                "ordering": [
                  0
                ],
                "reverse_ordering": [
                  0
                ],
                "old_to_new_component": {
                  "0": 0
                },
                "fiedler_vector": [
                  0.0
                ],
                "fiedler_coordinates": {
                  "0": 0.0
                },
                "laplacian_eigenvalues": [
                  0.0
                ],
                "fiedler_eigenvalue": 0.0,
                "degrees": {
                  "0": 0.0
                },
                "total_weight": 0.0,
                "is_singleton": true,
                "is_nearly_degenerate": false
              },
              {
                "nodes": [
                  1
                ],
                "ordering": [
                  1
                ],
                "reverse_ordering": [
                  1
                ],
                "old_to_new_component": {
                  "1": 0
                },
                "fiedler_vector": [
                  0.0
                ],
                "fiedler_coordinates": {
                  "1": 0.0
                },
                "laplacian_eigenvalues": [
                  0.0
                ],
                "fiedler_eigenvalue": 0.0,
                "degrees": {
                  "1": 0.0
                },
                "total_weight": 0.0,
                "is_singleton": true,
                "is_nearly_degenerate": false
              },
              {
                "nodes": [
                  2
                ],
                "ordering": [
                  2
                ],
                "reverse_ordering": [
                  2
                ],
                "old_to_new_component": {
                  "2": 0
                },
                "fiedler_vector": [
                  0.0
                ],
                "fiedler_coordinates": {
                  "2": 0.0
                },
                "laplacian_eigenvalues": [
                  0.0
                ],
                "fiedler_eigenvalue": 0.0,
