{
  "method": "CAMPS",
  "systems": {
    "H4chain_eqm": {
      "n_qubits": 8,
      "fci_energy": -2.1803166143238575,
      "cisd_energy": -2.1795507519996784,
      "camps_exact_energy_check": -2.1803166143238615,
      "camps_n_sites": 4,
      "selected_idx": [
        [
          [
            2,
            198,
            16
          ],
          [
            91,
            140,
            0
          ]
        ],
        [
          [
            0,
            84,
            114
          ],
          [
            0,
            126,
            41
          ]
        ],
        [
          [
            0,
            0,
            70
          ],
          [
            0,
            0,
            0
          ]
        ],
        [
          [
            0,
            0,
            0
          ],
          [
            0,
            0,
            0
          ]
        ]
      ],
      "entropy_change": -7.3151009697132565,
      "equivalent_symmetries": [
        "(1+0j) [X2 X3 Y4 X5 Z6]",
        "(-1+0j) [Y1 Y3 X4 X5 Z6]",
        "(-1+0j) [X0 Y1 Z2 Y4 Y5]",
        "(1-0j) [X0 Z1 X2 Z3 X4 Z5 Y6 Z7]",
        "(1+0j) [Z0 Y1 Z2 Z3 Y4 X5 Z6 Z7]",
        "(-1+0j) [X0 Z1 Z3 Y4 X5 X6 X7]",
        "(1+0j) [Z1 Z2 Y3 Y4 Z5 X6]",
        "(1+0j) [Z4 Z5 Z6 Z7]"
      ],
      "entropies_after_camps": [
        0.04741485794652163,
        0.04741485794652159,
        0.07442734346236782,
        0.047943504603089895,
        0.054919346400107275,
        0.001211782288866231,
        0.001266377927095425
      ],
      "dmrg": {
        "system": "H4chain_eqm",
        "benchmark": "CAMPS",
        "n_qubits": 8,
        "dmrg_bd": "",
        "dmrg_energy": ""
      },
      "mpo": {
        "system": "H4chain_eqm",
        "benchmark": "CAMPS",
        "n_qubits": 8,
        "mpo_bd": ""
      },
      "fiedler": {
        "ordering": [
          3,
          2,
          0,
          4,
          5,
          6,
          7,
          1
        ],
        "info": {
          "ordering": [
            3,
            2,
            0,
            4,
            5,
            6,
            7,
            1
          ],
          "old_to_new": [
            2,
            7,
            1,
            0,
            3,
            4,
            5,
            6
          ],
          "reverse_ordering": [
            1,
            7,
            6,
            5,
            4,
            0,
            2,
            3
          ],
          "components": [
            {
              "nodes": [
                0,
                2,
                3,
                4,
                5,
                6,
                7
              ],
              "ordering": [
                3,
                2,
                0,
                4,
                5,
                6,
                7
              ],
              "reverse_ordering": [
                7,
                6,
                5,
                4,
                0,
                2,
                3
              ],
              "old_to_new_component": {
                "3": 0,
                "2": 1,
                "0": 2,
                "4": 3,
                "5": 4,
                "6": 5,
                "7": 6
              },
              "fiedler_vector": [
                -0.238201853163467,
                -0.2401449525756109,
                -0.2411302634260702,
                -0.23787307605534175,
                -0.23787307605533647,
                0.5976116106365469,
                0.5976116106388462
              ],
              "fiedler_coordinates": {
                "0": -0.238201853163467,
                "2": -0.2401449525756109,
                "3": -0.2411302634260702,
                "4": -0.23787307605534175,
                "5": -0.23787307605533647,
                "6": 0.5976116106365469,
                "7": 0.5976116106388462
              },
              "laplacian_eigenvalues": [
                1.1102230246251565e-16,
                0.0020955915297656558,
                0.004139663448484987,
                0.1186964339029509,
                0.1482239550188451,
                0.1953716195958637,
                0.19750967473735223
              ],
              "fiedler_eigenvalue": 0.0020955915297656558,
              "degrees": {
                "0": 0.12063929596736586,
                "2": 0.1250510420249637,
                "3": 0.14605205639747054,
                "4": 0.1343285820385759,
                "5": 0.13432858203857673,
                "6": 0.0028186898831574847,
                "7": 0.002818689883151871
              },
              "total_weight": 0.333018469116631,
              "is_singleton": false,
              "is_nearly_degenerate": false
            },
            {
              "nodes": [
                1
              ],
              "ordering": [
                1
              ],
              "reverse_ordering": [
                1
              ],
              "old_to_new_component": {
                "1": 0
              },
              "fiedler_vector": [
                0.0
              ],
              "fiedler_coordinates": {
                "1": 0.0
              },
              "laplacian_eigenvalues": [
                0.0
              ],
              "fiedler_eigenvalue": 0.0,
              "degrees": {
                "1": 0.0
              },
              "total_weight": 0.0,
              "is_singleton": true,
              "is_nearly_degenerate": false
            }
          ],
          "nodes": [
            0,
            1,
            2,
            3,
            4,
            5,
            6,
            7
          ],
          "weight_matrix": [
            [
              0.0,
              0.0,
              0.02550486224298007,
              0.03935051017294648,
              0.0275055835214313,
              0.02750558352143058,
              0.0003863782542885899,
              0.00038637825428882583
            ],
            [
              0.0,
              0.0,
              0.0,
              0.0,
              0.0,
              0.0,
              0.0,
              0.0
            ],
            [
              0.02550486224298007,
              0.0,
              0.0,
              0.05774982649740135,
              0.020649439215189413,
              0.020649439215189302,
              0.00024873742710317115,
              0.0002487374271003956
            ],
            [
              0.03935051017294648,
              0.0,
              0.05774982649740135,
              0.0,
              0.024371890485897593,
              0.024371890485897982,
              0.00010396937766390946,
              0.00010396937766321557
            ],
            [
              0.0275055835214313,
              0.0,
              0.020649439215189413,
              0.024371890485897593,
              0.0,
              0.0610430375572874,
              0.0003793156293854169,
              0.0003793156293847716
            ],
            [
              0.02750558352143058,
              0.0,
              0.020649439215189302,
              0.024371890485897982,
              0.0610430375572874,
              0.0,
              0.0003793156293865896,
              0.00037931562938485486
            ],
            [
              0.0003863782542885899,
              0.0,
              0.00024873742710317115,
              0.00010396937766390946,
              0.0003793156293854169,
              0.0003793156293865896,
              0.0,
              0.0013209735653298075
            ],
            [
              0.00038637825428882583,
              0.0,
              0.0002487374271003956,
              0.00010396937766321557,
              0.0003793156293847716,
              0.00037931562938485486,
              0.0013209735653298075,
              0.0
            ]
          ],
          "weight_matrix_subspace": [
            [
              0.0,
              0.0,
              0.02550486224298007,
              0.03935051017294648,
              0.0275055835214313,
              0.02750558352143058,
              0.0003863782542885899,
              0.00038637825428882583
            ],
            [
              0.0,
              0.0,
              0.0,
              0.0,
              0.0,
              0.0,
              0.0,
              0.0
            ],
            [
              0.02550486224298007,
              0.0,
              0.0,
              0.05774982649740135,
              0.020649439215189413,
              0.020649439215189302,
              0.00024873742710317115,
              0.0002487374271003956
            ],
            [
              0.03935051017294648,
              0.0,
              0.05774982649740135,
              0.0,
              0.024371890485897593,
              0.024371890485897982,
              0.00010396937766390946,
              0.00010396937766321557
            ],
            [
              0.0275055835214313,
              0.0,
              0.020649439215189413,
              0.024371890485897593,
              0.0,
              0.0610430375572874,
              0.0003793156293854169,
              0.0003793156293847716
            ],
            [
              0.02750558352143058,
              0.0,
              0.020649439215189302,
              0.024371890485897982,
              0.0610430375572874,
              0.0,
              0.0003793156293865896,
              0.00037931562938485486
            ],
            [
              0.0003863782542885899,
              0.0,
              0.00024873742710317115,
              0.00010396937766390946,
              0.0003793156293854169,
              0.0003793156293865896,
              0.0,
              0.0013209735653298075
            ],
            [
              0.00038637825428882583,
              0.0,
              0.0002487374271003956,
              0.00010396937766321557,
              0.0003793156293847716,
              0.00037931562938485486,
              0.0013209735653298075,
              0.0
            ]
          ],
          "edge_tol": 1e-12,
          "tie_break": "index",
          "component_order": "index",
          "mutual_information": [
            [
              0.0,
              0.0,
              0.02550486224298007,
              0.03935051017294648,
              0.0275055835214313,
              0.02750558352143058,
              0.0003863782542885899,
              0.00038637825428882583
            ],
            [
              0.0,
              0.0,
              7.91033905045424e-16,
              9.159339953157541e-16,
              0.0,
              0.0,
              3.9898639947466563e-16,
              0.0
            ],
            [
              0.02550486224298007,
              7.91033905045424e-16,
              0.0,
              0.05774982649740135,
              0.020649439215189413,
              0.020649439215189302,
              0.00024873742710317115,
              0.0002487374271003956
            ],
            [
              0.03935051017294648,
              9.159339953157541e-16,
              0.05774982649740135,
              0.0,
              0.024371890485897593,
              0.024371890485897982,
              0.00010396937766390946,
              0.00010396937766321557
            ],
            [
              0.0275055835214313,
              0.0,
              0.020649439215189413,
              0.024371890485897593,
              0.0,
              0.0610430375572874,
              0.0003793156293854169,
              0.0003793156293847716
            ],
            [
              0.02750558352143058,
              0.0,
              0.020649439215189302,
              0.024371890485897982,
              0.0610430375572874,
              0.0,
              0.0003793156293865896,
              0.00037931562938485486
            ],
            [
              0.0003863782542885899,
              3.9898639947466563e-16,
              0.00024873742710317115,
              0.00010396937766390946,
              0.0003793156293854169,
              0.0003793156293865896,
              0.0,
              0.0013209735653298075
            ],
            [
              0.00038637825428882583,
              0.0,
              0.0002487374271003956,
              0.00010396937766321557,
              0.0003793156293847716,
              0.00037931562938485486,
              0.0013209735653298075,
              0.0
            ]
          ],
          "one_qubit_entropies": [
            0.047414857946521574,
            -4.440892098500627e-16,
            0.052517347758828326,
            0.06546844254385067,
            0.054102782818237743,
            0.05410278281823775,
            0.0012663779270996095,
            0.0012663779270967155
          ],
          "two_qubit_entropies": [
            [
              0.0,
              0.04741485794652266,
              0.07442734346236983,
              0.07353279031742577,
              0.07401205724332802,
              0.07401205724332875,
              0.048294857619332596,
              0.048294857619329466
            ],
            [
              0.04741485794652266,
              0.0,
              0.05251734775882709,
              0.06546844254384931,
              0.05410278281823917,
              0.05410278281823911,
              0.0012663779270987664,
              0.0012663779270969153
            ],
            [
              0.07442734346236983,
              0.05251734775882709,
              0.0,
              0.06023596380527765,
              0.08597069136187666,
              0.08597069136187677,
              0.053534988258824766,
              0.05353498825882465
            ],
            [
              0.07353279031742577,
              0.06546844254384931,
              0.06023596380527765,
              0.0,
              0.09519933487619082,
              0.09519933487619044,
              0.06663085109328637,
              0.06663085109328418
            ],
            [
              0.07401205724332802,
              0.05410278281823917,
              0.08597069136187666,
              0.09519933487619082,
              0.0,
              0.04716252807918809,
              0.05498984511595194,
              0.05498984511594969
            ],
            [
              0.07401205724332875,
              0.05410278281823911,
              0.08597069136187677,
              0.09519933487619044,
              0.04716252807918809,
              0.0,
              0.05498984511595077,
              0.054989845115949613
            ],
            [
              0.048294857619332596,
              0.0012663779270987664,
              0.053534988258824766,
              0.06663085109328637,
              0.05498984511595194,
              0.05498984511595077,
              0.0,
              0.0012117822888665175
            ],
            [
              0.048294857619329466,
              0.0012663779270969153,
              0.05353498825882465,
              0.06663085109328418,
              0.05498984511594969,
              0.054989845115949613,
              0.0012117822888665175,
              0.0
            ]
          ],
          "n_qubits": 8,
          "mutual_info_convention": "standard",
          "entropy_base": 2.718281828459045
        },
        "entropies": [
          0.06546844254384777,
          0.06023596380527628,
          0.04794350460308959,
          0.05491934640010703,
          0.0012117822888664536,
          0.001266377927096313,
          0.0
        ]
      }
    }
  },
  "settings": {
    "n_dim": 4,
    "use_orb": false,
    "microiter": 20,
    "camps_dmax": 100,
    "candidate_gates": 200,
    "seed": 0,
    "reference_state": "fci",
    "fiedler_reference_state": "exact ground state of CAMPS-transformed Hamiltonian",
    "dmrg_protocol": "JUL08 quimb settings"
  }
}
